[0.7        0.68243111 0.64933622 0.60837791 0.56467052 0.5269018
 0.50071289 0.49082906 0.4990685  0.52299505 0.56040445 0.60440354
 0.64686686 0.67945582 0.69552409 0.69517613 0.67632188 0.64263225
 0.60012005 0.5580099  0.52313107 0.50035712 0.49411109 0.50440612
 0.53046733 0.56762485 0.61001298 0.65140799 0.68239393 0.69777859
 0.69440765 0.67478364 0.63968726 0.59588586 0.55232097 0.51635651
 0.49519668 0.49027914 0.50351705 0.5329113  0.57273105 0.61736541
 0.6571268  0.68753431 0.70172937 0.69755744 0.67555277 0.64023771
 0.59719901 0.55356311 0.51770751 0.49484033 0.4900273  0.50255351
 0.53088729 0.57165683 0.6161172  0.65766894 0.68567731 0.69850829
 0.69357723 0.67065262 0.63413173 0.59110582 0.55056293 0.5173849
 0.49785    0.49447368 0.50839735 0.53711378 0.57560124 0.61946138
 0.65885371 0.6868345  0.697077   0.69012479 0.66665625 0.62834371
 0.58453766 0.54227841 0.51094972 0.49363539 0.49338897 0.51106375
 0.54272254 0.58405829 0.6268573  0.66552843 0.69217647 0.70187068
 0.69290912 0.66720748 0.62974743 0.58449504 0.54230767 0.50874158
 0.49105271 0.49105858 0.50804604 0.54146702 0.58374774 0.62888352
 0.66694214 0.6919178  0.70082908 0.6908983  0.66425806 0.62516022
 0.58275723 0.54227553 0.51134228 0.494642   0.49496281 0.51259495
 0.54381039 0.58529651 0.62897452 0.66657102 0.69036749 0.69652938
 0.68605128 0.65778232 0.61805291 0.57398637 0.53497348 0.50681962
 0.49337782 0.49757229 0.51815898 0.55206028 0.59346443 0.63581892
 0.67240428 0.69498113 0.69997137 0.6865649  0.65825646 0.61700414
 0.57208417 0.53135368 0.50197707 0.48939701 0.49399092 0.51651779
 0.55280977 0.59652254 0.64065824 0.67531447 0.69719367 0.70120159
 0.68694978 0.65636614 0.61626139 0.57273519 0.53325753 0.50479731
 0.49138314 0.49634661 0.51757834 0.55251663 0.59605923 0.6392018
 0.67457942 0.69358139 0.69636553 0.68115201 0.64972601 0.60830452
 0.56518509 0.52882589 0.503414   0.49382031 0.50131536 0.52473309
 0.56038926 0.60197415 0.64436599 0.67779946 0.69650165 0.69653881
 0.67972014 0.64754245 0.60438684 0.56034062 0.52202574 0.49786711
 0.48972277 0.49937218 0.52626627 0.56448616 0.60904322 0.65016273
 0.68288501 0.7004475  0.69982442 0.68097004 0.64747759 0.60583839
 0.56149173 0.52390707 0.49797472 0.48973029 0.49906226 0.52433876
 0.56341728 0.60762718 0.65040966 0.68141928 0.69716264 0.69585327
 0.67590521 0.64162837 0.59895824 0.55766501 0.52261217 0.50020524
 0.49393275 0.50465934 0.53103821 0.56797296 0.61137502 0.65226795
 0.68281276 0.6967134  0.69274175 0.67254288 0.63627238 0.59289654
 0.54963951 0.5156545  0.49547912 0.49178212 0.50643995 0.53580165
 0.57582459 0.61918635 0.65898116 0.68854211 0.70153201 0.69611968
 0.6731617  0.63777916 0.593225   0.54992527 0.51426472 0.49309132
 0.48972209 0.50353015 0.53402283 0.57522467 0.62024415 0.66071672
 0.68810066 0.7002891  0.69395774 0.67027042 0.63291638 0.59052953
 0.54930388 0.51620543 0.49669505 0.49371375 0.50834035 0.53733228
 0.57705649 0.62108413 0.66027934 0.68735715 0.69665985 0.68932595
 0.66424419 0.62601025 0.58217348 0.54128936 0.51089137 0.49436315
 0.49538436 0.51306522 0.54484168 0.58570972 0.62810751 0.66658288
 0.69210814 0.70074818 0.69054353 0.66465382 0.62567581 0.58052605
 0.53864799 0.50627175 0.49050184 0.49174836 0.51071471 0.54516184
 0.5877831  0.63282287 0.66948454 0.69418193 0.7018452  0.69086404
 0.66313724 0.62396201 0.58096314 0.54011348 0.50925618 0.49275447
 0.49426339 0.51267962 0.54498561 0.58765891 0.63129982 0.66892574
 0.69117598 0.69700571 0.68536852 0.65638487 0.61639786 0.57265827
 0.5347559  0.50690159 0.49423411 0.49864791 0.51934065 0.55324124
 0.59406551 0.63704227 0.67273091 0.69456012 0.69807061 0.68413183
 0.65503798 0.61296216 0.56857802 0.52834238 0.50117067 0.48984355
 0.49591839 0.51996899 0.5564717  0.60045145 0.64299257 0.6776237
 0.69847876 0.70129827 0.68584563 0.65453244 0.61427647 0.56957452
 0.53034829 0.50193905 0.48998141 0.49614436 0.51840241 0.55530809
 0.59908437 0.64267244 0.67669858 0.69528379 0.69737197 0.6807265
 0.64879761 0.60696142 0.56486945 0.52827827 0.50319128 0.49394601
 0.50145141 0.52523157 0.56070215 0.60320886 0.64535455 0.67819876
 0.69570406 0.6948532  0.6777018  0.64399627 0.60125012 0.55739415
 0.52089506 0.49795599 0.4909659  0.5021317  0.52926954 0.56769873
 0.61138654 0.652023   0.6841989  0.70054877 0.69872838 0.67879524
 0.64528328 0.60207935 0.55782879 0.52040512 0.49577555 0.48906942
 0.49964236 0.52700402 0.56683775 0.61150215 0.65395106 0.68379458
 0.6991828  0.69639908 0.67570139 0.64049407 0.59824192 0.55659342
 0.5214359  0.49932323 0.49298564 0.50450425 0.53121702 0.56901903
 0.61306875 0.65360704 0.68370504 0.69616996 0.69188697 0.67033551
 0.63384091 0.59049466 0.54807642 0.51555292 0.49612275 0.49355196
 0.50859003 0.53807283 0.57788103 0.62031422 0.66025224 0.68871627
 0.70072258 0.69400088 0.67063443 0.63413807 0.58909379 0.54623059
 0.5112894  0.49214271 0.49012108 0.50557071 0.53767187 0.57910899
 0.62448136 0.66330271 0.69058581 0.70170592 0.69418833 0.66937319
 0.63159203 0.5891599  0.5472534  0.51427372 0.49470075 0.49281733
 0.50826355 0.53801155 0.57932439 0.62336192 0.6626459  0.68822233
 0.69703944 0.68896895 0.66271612 0.62436639 0.58050785 0.54104945
 0.51093558 0.49510315 0.49656386 0.51433733 0.54626641 0.58634238
 0.62931437 0.66710025 0.69183127 0.69910137 0.68813126 0.66189336
 0.62149641 0.57687316 0.5353266  0.50498916 0.4905442  0.49316681
 0.51409569 0.54872242 0.59175217 0.63559655 0.67190313 0.69588722
 0.70216584 0.69009668 0.66131937 0.62237262 0.57797955 0.53721133
 0.50641364 0.4909712 ], [2.00000000e-01 5.81707165e-01 1.01419454e+00 1.47044438e+00
 1.85795174e+00 2.27110941e+00 2.71039335e+00 3.17937259e+00
 3.58388378e+00 3.97236246e+00 4.44403628e+00 4.85527137e+00
 5.28675073e+00 5.72466671e+00 6.09101828e+00 6.49045127e+00
 6.91457711e+00 7.33679773e+00 7.75466680e+00 8.22595701e+00
 8.60883250e+00 9.01895664e+00 9.46577782e+00 9.92243005e+00
 1.03249162e+01 1.07113081e+01 1.11782870e+01 1.15953373e+01
 1.20170391e+01 1.24411841e+01 1.28428795e+01 1.32111645e+01
 1.36514861e+01 1.40778270e+01 1.44907188e+01 1.49649138e+01
 1.53515220e+01 1.57599810e+01 1.62210339e+01 1.66706863e+01
 1.70799243e+01 1.74683338e+01 1.79198033e+01 1.83502001e+01
 1.87269319e+01 1.91367520e+01 1.95935199e+01 1.99436644e+01
 2.04009767e+01 2.08288039e+01 2.12198754e+01 2.17102606e+01
 2.20884526e+01 2.25008147e+01 2.29797181e+01 2.34018009e+01
 2.38381658e+01 2.42443952e+01 2.46396357e+01 2.50728991e+01
 2.54367277e+01 2.58397604e+01 2.63052066e+01 2.66939638e+01
 2.71578414e+01 2.75795544e+01 2.79576363e+01 2.84553880e+01
 2.88342246e+01 2.92507117e+01 2.97311960e+01 3.01075921e+01
 3.05831209e+01 3.09939616e+01 3.13433413e+01 3.17750251e+01
 3.21764019e+01 3.25761464e+01 3.30077348e+01 3.34547553e+01
 3.39042093e+01 3.43245450e+01 3.47052600e+01 3.51928508e+01
 3.55927740e+01 3.60051271e+01 3.64677163e+01 3.68313642e+01
 3.72869801e+01 3.77049812e+01 3.80787399e+01 3.84985257e+01
 3.89423798e+01 3.93367047e+01 3.97395915e+01 4.02123104e+01
 4.06382499e+01 4.10710400e+01 4.14512549e+01 4.19297489e+01
 4.23410722e+01 4.27573452e+01 4.31994573e+01 4.35810723e+01
 4.39825470e+01 4.44096674e+01 4.48324808e+01 4.52411043e+01
 4.56977096e+01 4.60951265e+01 4.64901374e+01 4.69643770e+01
 4.73767552e+01 4.78146296e+01 4.81930193e+01 4.86733183e+01
 4.90911603e+01 4.95059195e+01 4.99285806e+01 5.03347791e+01
 5.06920474e+01 5.11247459e+01 5.15731158e+01 5.19696062e+01
 5.24391981e+01 5.28317615e+01 5.32351620e+01 5.37188623e+01
 5.41263605e+01 5.45535998e+01 5.49511983e+01 5.54073898e+01
 5.58447437e+01 5.62317949e+01 5.66321771e+01 5.70792435e+01
 5.74225197e+01 5.78598529e+01 5.83149514e+01 5.86948061e+01
 5.91869876e+01 5.95734316e+01 5.99786789e+01 6.04743032e+01
 6.08669667e+01 6.13077851e+01 6.17296346e+01 6.21174494e+01
 6.25610140e+01 6.29438549e+01 6.33344399e+01 6.37837199e+01
 6.41875992e+01 6.46190992e+01 6.50513413e+01 6.54371778e+01
 6.59336036e+01 6.63277325e+01 6.67283297e+01 6.72153131e+01
 6.75910293e+01 6.80615060e+01 6.84872534e+01 6.88262697e+01
 6.92610106e+01 6.96649756e+01 7.00605034e+01 7.04937141e+01
 7.09593593e+01 7.13639453e+01 7.18002574e+01 7.21907253e+01
 7.26748298e+01 7.30771806e+01 7.34771242e+01 7.39400326e+01
 7.43290198e+01 7.47777385e+01 7.52051388e+01 7.55747944e+01
 7.59783539e+01 7.64100786e+01 7.68212055e+01 7.72297853e+01
 7.77127634e+01 7.80963454e+01 7.85499649e+01 7.89413511e+01
 7.94208225e+01 7.98187542e+01 8.02235917e+01 8.06720182e+01
 8.10725820e+01 8.14815356e+01 8.19086925e+01 8.23263956e+01
 8.27155336e+01 8.31646729e+01 8.35725417e+01 8.39775839e+01
 8.44578960e+01 8.48392107e+01 8.52858172e+01 8.56904560e+01
 8.61696233e+01 8.65813205e+01 8.69823628e+01 8.74111903e+01
 8.78287643e+01 8.81847404e+01 8.86059715e+01 8.90723113e+01
 8.94441665e+01 8.99141561e+01 9.03200819e+01 9.07180878e+01
 9.12077329e+01 9.15903783e+01 9.20181996e+01 9.24496449e+01
 9.28949063e+01 9.33344109e+01 9.37312640e+01 9.41232950e+01
 9.45597584e+01 9.49088183e+01 9.53265620e+01 9.57953538e+01
 9.61765654e+01 9.66662851e+01 9.70782276e+01 9.74586268e+01
 9.79567305e+01 9.83364960e+01 9.87687253e+01 9.92175301e+01
 9.95949175e+01 1.00056198e+02 1.00453491e+02 1.00825930e+02
 1.01262890e+02 1.01675542e+02 1.02083971e+02 1.02513649e+02
 1.02926799e+02 1.03414748e+02 1.03824604e+02 1.04205601e+02
 1.04691706e+02 1.05081165e+02 1.05525000e+02 1.05969832e+02
 1.06313129e+02 1.06752540e+02 1.07162158e+02 1.07554605e+02
 1.07986227e+02 1.08452035e+02 1.08836467e+02 1.09255338e+02
 1.09684774e+02 1.10157068e+02 1.10558146e+02 1.10949666e+02
 1.11416484e+02 1.11827125e+02 1.12261669e+02 1.12695312e+02
 1.13067033e+02 1.13459229e+02 1.13886702e+02 1.14310638e+02
 1.14726809e+02 1.15201775e+02 1.15582634e+02 1.16002075e+02
 1.16439193e+02 1.16903149e+02 1.17301028e+02 1.17690227e+02
 1.18152191e+02 1.18568609e+02 1.18982644e+02 1.19405372e+02
 1.19818450e+02 1.20185924e+02 1.20631695e+02 1.21052271e+02
 1.21463600e+02 1.21941708e+02 1.22325981e+02 1.22740021e+02
 1.23194550e+02 1.23650500e+02 1.24061115e+02 1.24453294e+02
 1.24893006e+02 1.25322428e+02 1.25687229e+02 1.26097003e+02
 1.26565025e+02 1.26920299e+02 1.27384816e+02 1.27806520e+02
 1.28195394e+02 1.28688266e+02 1.29066037e+02 1.29480395e+02
 1.29953418e+02 1.30373597e+02 1.30817687e+02 1.31223473e+02
 1.31606960e+02 1.32039635e+02 1.32403672e+02 1.32809427e+02
 1.33271672e+02 1.33669140e+02 1.34140250e+02 1.34558146e+02
 1.34935226e+02 1.35432313e+02 1.35813087e+02 1.36231896e+02
 1.36705742e+02 1.37074934e+02 1.37551583e+02 1.37959826e+02
 1.38312394e+02 1.38743236e+02 1.39156601e+02 1.39555421e+02
 1.39979551e+02 1.40427828e+02 1.40884852e+02 1.41300909e+02
 1.41682525e+02 1.42167507e+02 1.42570602e+02 1.42987156e+02
 1.43443756e+02 1.43804821e+02 1.44247236e+02 1.44665391e+02
 1.45053489e+02 1.45473933e+02 1.45927086e+02 1.46317530e+02
 1.46717591e+02 1.47185003e+02 1.47620544e+02 1.48044510e+02
 1.48426193e+02 1.48902531e+02 1.49316404e+02 1.49738012e+02
 1.50174891e+02 1.50556119e+02 1.50946824e+02 1.51375200e+02
 1.51803990e+02 1.52215619e+02 1.52676581e+02 1.53070858e+02
 1.53467404e+02 1.53938149e+02 1.54362048e+02 1.54788892e+02
 1.55167917e+02 1.55644402e+02 1.56067136e+02 1.56478344e+02
 1.56896576e+02 1.57310749e+02 1.57661989e+02 1.58099240e+02
 1.58544846e+02 1.58942306e+02 1.59417328e+02 1.59805238e+02
 1.60210773e+02 1.60694404e+02 1.61110494e+02 1.61533334e+02
 1.61932261e+02 1.62377134e+02 1.62814689e+02 1.63194116e+02
 1.63593351e+02 1.64049489e+02 1.64400266e+02 1.64844646e+02
 1.65289460e+02 1.65669991e+02 1.66165132e+02 1.66545715e+02
 1.66955722e+02 1.67449639e+02 1.67842833e+02 1.68292095e+02
 1.68710919e+02 1.69084903e+02 1.69525348e+02 1.69906502e+02
 1.70300993e+02 1.70750239e+02 1.71166847e+02 1.71602960e+02
 1.72031016e+02 1.72414288e+02 1.72909433e+02 1.73301072e+02
 1.73706787e+02 1.74188753e+02 1.74561023e+02 1.75036379e+02
 1.75457760e+02 1.75798210e+02 1.76226799e+02 1.76637797e+02
 1.77035973e+02 1.77462766e+02 1.77933515e+02 1.78342375e+02
 1.78781780e+02 1.79166502e+02 1.79649400e+02 1.80052970e+02
 1.80456216e+02 1.80914418e+02 1.81300779e+02 1.81741696e+02
 1.82167865e+02 1.82550659e+02 1.82953740e+02 1.83392820e+02
 1.83800618e+02 1.84203086e+02 1.84685165e+02 1.85074103e+02
 1.85529985e+02 1.85914479e+02 1.86395624e+02 1.86797063e+02
 1.87206389e+02 1.87649200e+02 1.88046680e+02 1.88443210e+02
 1.88870632e+02 1.89299171e+02 1.89691984e+02 1.90145513e+02
 1.90549415e+02 1.90951960e+02 1.91432574e+02 1.91818367e+02
 1.92264607e+02 1.92662764e+02 1.93141252e+02 1.93560843e+02
 1.93962733e+02 1.94382518e+02 1.94803263e+02 1.95149441e+02
 1.95572973e+02 1.96042915e+02 1.96417704e+02 1.96893124e+02
 1.97295747e+02 1.97693145e+02 1.98184754e+02 1.98570516e+02
 1.98999227e+02 1.99425666e+02 1.99862289e+02 2.00305516e+02
 2.00699146e+02 2.01087286e+02 2.01528415e+02 2.01884710e+02
 2.02306566e+02 2.02766474e+02 2.03150701e+02 2.03644365e+02
 2.04052099e+02 2.04435809e+02 2.04933363e+02 2.05313707e+02
 2.05754652e+02 2.06196724e+02 2.06561993e+02 2.07019292e+02
 2.07414508e+02 2.07792635e+02 2.08231599e+02 2.08658973e+02
 2.09066953e+02 2.09493790e+02 2.09902205e+02 2.10391165e+02], [2.00000000e-01 1.23347966e+00 2.35956146e+00 3.23587748e+00
 4.22433727e+00 5.36549481e+00 6.20129492e+00 7.01032095e+00
 8.11712122e+00 9.12157895e+00 9.93058189e+00 1.09488843e+01
 1.20779573e+01 1.29786313e+01 1.40296911e+01 1.51392230e+01
 1.60462332e+01 1.71328972e+01 1.82100274e+01 1.90465006e+01
 2.00395326e+01 2.11635447e+01 2.19810387e+01 2.27906447e+01
 2.39070072e+01 2.49161464e+01 2.57582219e+01 2.68334822e+01
 2.79220476e+01 2.88311583e+01 2.99417567e+01 3.09912639e+01
 3.18873567e+01 3.30127726e+01 3.40350133e+01 3.48375925e+01
 3.58233249e+01 3.69407826e+01 3.77613878e+01 3.85934550e+01
 3.97306499e+01 4.07307053e+01 4.16114368e+01 4.27371304e+01
 4.37706237e+01 4.47003393e+01 4.58507464e+01 4.68320024e+01
 4.77227101e+01 4.88676219e+01 4.98402329e+01 5.06162999e+01
 5.15933523e+01 5.27137034e+01 5.35500699e+01 5.44238305e+01
 5.55817034e+01 5.65586337e+01 5.74865031e+01 5.86407871e+01
 5.96164623e+01 6.05789158e+01 6.17410006e+01 6.26582207e+01
 6.35416990e+01 6.46892740e+01 6.56292051e+01 6.63926558e+01
 6.73724419e+01 6.84981312e+01 6.93530726e+01 7.02808814e+01
 7.14447647e+01 7.23930484e+01 7.33769247e+01 7.45278378e+01
 7.54529391e+01 7.64526318e+01 7.76010530e+01 7.84644269e+01
 7.93344846e+01 8.04769411e+01 8.14076030e+01 8.21781902e+01
 8.31819036e+01 8.43055841e+01 8.51761629e+01 8.61680246e+01
 8.73138980e+01 8.82377426e+01 8.92827979e+01 9.03988788e+01
 9.12831342e+01 9.23148317e+01 9.34341847e+01 9.42546311e+01
 9.51090976e+01 9.62479397e+01 9.71856158e+01 9.79813682e+01
 9.90277637e+01 1.00133161e+02 1.01017962e+02 1.02077821e+02
 1.03179821e+02 1.04090933e+02 1.05192924e+02 1.06252638e+02
 1.07103970e+02 1.08153189e+02 1.09242629e+02 1.10035460e+02
 1.10882208e+02 1.12024112e+02 1.12972878e+02 1.13804587e+02
 1.14899539e+02 1.15968394e+02 1.16872749e+02 1.17990371e+02
 1.19031475e+02 1.19942808e+02 1.21084872e+02 1.22082745e+02
 1.22905541e+02 1.23955973e+02 1.25028510e+02 1.25814353e+02
 1.26672656e+02 1.27825076e+02 1.28777519e+02 1.29652784e+02
 1.30789311e+02 1.31809006e+02 1.32743280e+02 1.33895929e+02
 1.34870912e+02 1.35789695e+02 1.36950337e+02 1.37891598e+02
 1.38688451e+02 1.39731385e+02 1.40802725e+02 1.41600425e+02
 1.42493264e+02 1.43656585e+02 1.44600552e+02 1.45528964e+02
 1.46686433e+02 1.47654665e+02 1.48630910e+02 1.49788232e+02
 1.50701036e+02 1.51626478e+02 1.52787106e+02 1.53684869e+02
 1.54462971e+02 1.55501943e+02 1.56579848e+02 1.57399466e+02
 1.58343530e+02 1.59505401e+02 1.60433898e+02 1.61424116e+02
 1.62571600e+02 1.63496651e+02 1.64520358e+02 1.65654492e+02
 1.66515057e+02 1.67438156e+02 1.68590689e+02 1.69466549e+02
 1.70242052e+02 1.71291586e+02 1.72372727e+02 1.73216405e+02
 1.74221710e+02 1.75360581e+02 1.76276315e+02 1.77330830e+02
 1.78438372e+02 1.79331588e+02 1.80397542e+02 1.81492201e+02
 1.82310142e+02 1.83221968e+02 1.84368695e+02 1.85244636e+02
 1.86038540e+02 1.87117304e+02 1.88187536e+02 1.89055927e+02
 1.90126059e+02 1.91219192e+02 1.92132321e+02 1.93244678e+02
 1.94291299e+02 1.95161196e+02 1.96255103e+02 1.97307165e+02
 1.98092352e+02 1.98992815e+02 2.00139960e+02 2.01028484e+02
 2.01857335e+02 2.02974030e+02 2.04015878e+02 2.04914230e+02
 2.06038923e+02 2.07071506e+02 2.07995564e+02 2.09146664e+02
 2.10126607e+02 2.10976600e+02 2.12080265e+02 2.13101411e+02
 2.13869829e+02 2.14771160e+02 2.15923857e+02 2.16825372e+02
 2.17700211e+02 2.18848518e+02 2.19849891e+02 2.20787109e+02
 2.21941432e+02 2.22911436e+02 2.23855612e+02 2.25020729e+02
 2.25940307e+02 2.26769081e+02 2.27869481e+02 2.28880084e+02
 2.29652522e+02 2.30576596e+02 2.31734319e+02 2.32641250e+02
 2.33572371e+02 2.34732862e+02 2.35691597e+02 2.36678349e+02
 2.37830401e+02 2.38743086e+02 2.39708073e+02 2.40866524e+02
 2.41736657e+02 2.42545420e+02 2.43640061e+02 2.44655497e+02
 2.45448150e+02 2.46416701e+02 2.47568328e+02 2.48473856e+02
 2.49470475e+02 2.50614430e+02 2.51538300e+02 2.52580343e+02
 2.53700232e+02 2.54564984e+02 2.55541911e+02 2.56683962e+02
 2.57521083e+02 2.58319371e+02 2.59415789e+02 2.60439437e+02
 2.61260417e+02 2.62285113e+02 2.63411450e+02 2.64316486e+02
 2.65379663e+02 2.66479285e+02 2.67380932e+02 2.68472276e+02
 2.69543178e+02 2.70368288e+02 2.71343333e+02 2.72472964e+02
 2.73299963e+02 2.74106335e+02 2.75218284e+02 2.76241387e+02
 2.77094960e+02 2.78178308e+02 2.79259523e+02 2.80172475e+02
 2.81292283e+02 2.82329118e+02 2.83218613e+02 2.84343767e+02
 2.85362200e+02 2.86154123e+02 2.87119260e+02 2.88246296e+02
 2.89082048e+02 2.89917999e+02 2.91055471e+02 2.92062233e+02
 2.92954241e+02 2.94086547e+02 2.95109737e+02 2.96043667e+02
 2.97198730e+02 2.98167144e+02 2.99048031e+02 3.00187956e+02
 3.01162369e+02 3.01931177e+02 3.02890075e+02 3.04021539e+02
 3.04874256e+02 3.05755867e+02 3.06914578e+02 3.07892516e+02
 3.08831734e+02 3.09987682e+02 3.10952700e+02 3.11918346e+02
 3.13080744e+02 3.13987262e+02 3.14856377e+02 3.15996187e+02
 3.16946782e+02 3.17709659e+02 3.18678544e+02 3.19814178e+02
 3.20682954e+02 3.21621250e+02 3.22783479e+02 3.23729622e+02
 3.24724813e+02 3.25871830e+02 3.26786400e+02 3.27785786e+02
 3.28932704e+02 3.29787727e+02 3.30640485e+02 3.31774905e+02
 3.32723528e+02 3.33500361e+02 3.34501924e+02 3.35631579e+02
 3.36512148e+02 3.37516600e+02 3.38656236e+02 3.39577216e+02
 3.40632784e+02 3.41740494e+02 3.42613985e+02 3.43639410e+02
 3.44758749e+02 3.45574540e+02 3.46412720e+02 3.47545181e+02
 3.48503345e+02 3.49308981e+02 3.50358642e+02 3.51464551e+02
 3.52356746e+02 3.53428525e+02 3.54520196e+02 3.55428807e+02
 3.56537848e+02 3.57588421e+02 3.58428171e+02 3.59463941e+02
 3.60559054e+02 3.61354049e+02 3.62190149e+02 3.63328964e+02
 3.64295681e+02 3.65138384e+02 3.66238542e+02 3.67302878e+02
 3.68213734e+02 3.69339819e+02 3.70368434e+02 3.71276403e+02
 3.72420909e+02 3.73411803e+02 3.74221958e+02 3.75253915e+02
 3.76338929e+02 3.77134339e+02 3.77990391e+02 3.79143214e+02
 3.80107347e+02 3.80994362e+02 3.82135326e+02 3.83147002e+02
 3.84088106e+02 3.85244425e+02 3.86206183e+02 3.87118569e+02
 3.88277793e+02 3.89215816e+02 3.90000831e+02 3.91024673e+02
 3.92112256e+02 3.92923676e+02 3.93820812e+02 3.94985149e+02
 3.95934529e+02 3.96875549e+02 3.98033160e+02 3.98992527e+02
 3.99975304e+02 4.01131475e+02 4.02032232e+02 4.02945921e+02
 4.04103518e+02 4.05005079e+02 4.05775743e+02 4.06799815e+02
 4.07893679e+02 4.08727235e+02 4.09679243e+02 4.10839567e+02
 4.11769623e+02 4.12772254e+02 4.13914478e+02 4.14831100e+02
 4.15858545e+02 4.16989426e+02 4.17839560e+02 4.18745389e+02
 4.19895994e+02 4.20784351e+02 4.21559699e+02 4.22602168e+02
 4.23695108e+02 4.24550624e+02 4.25566437e+02 4.26699454e+02
 4.27615319e+02 4.28681219e+02 4.29779006e+02 4.30663348e+02
 4.31728060e+02 4.32820425e+02 4.33629756e+02 4.34522052e+02
 4.35668908e+02 4.36563028e+02 4.37363071e+02 4.38441784e+02
 4.39517301e+02 4.40395525e+02 4.41476551e+02 4.42559596e+02
 4.43473114e+02 4.44593755e+02 4.45628819e+02 4.46488343e+02
 4.47574650e+02 4.48629098e+02 4.49409845e+02 4.50293432e+02
 4.51442658e+02 4.52350054e+02 4.53188154e+02 4.54307589e+02
 4.55348688e+02 4.56255979e+02 4.57388132e+02 4.58408810e+02
 4.59332898e+02 4.60487674e+02 4.61457814e+02 4.62294832e+02
 4.63385247e+02 4.64417004e+02 4.65188096e+02 4.66079867e+02
 4.67236126e+02 4.68152823e+02 4.69038631e+02 4.70189148e+02
 4.71185724e+02 4.72131945e+02 4.73288567e+02 4.74246140e+02
 4.75187904e+02 4.76353104e+02 4.77265767e+02 4.78079909e+02
 4.79164575e+02 4.80192678e+02 4.80974301e+02 4.81897492e+02
 4.83058385e+02 4.83974831e+02 4.84918709e+02 4.86077878e+02
 4.87030150e+02 4.88026059e+02 4.89175121e+02 4.90075654e+02
 4.91033121e+02 4.92190578e+02 4.93058264e+02 4.93853943e+02], [12973834.53518365 12783315.07992975 12428373.77900547 11894856.62899085
 11327602.72287071 10834295.48514376 10485264.77486448 10377547.76179238
 10506845.27814784 10882467.9884959  11399572.39037705 11916083.90314022
 12412835.37510318 12791527.41000998 12979659.54592755 12970488.91548753
 12748646.58292776 12369556.10767456 11895502.00556182 11294134.5218467
 10778747.87843864 10446897.78862498 10365458.27771394 10495333.9672338
 10863642.48219828 11395908.78115888 12007532.9584504  12462713.33051095
 12808780.43444762 12987373.4542961  12958569.75468058 12734223.49859268
 12317616.80079668 11804334.85646809 11286144.50120956 10795865.75515743
 10459047.98044296 10381502.25674994 10553305.58751778 10928997.68664483
 11441237.25522687 11997711.632353   12516473.88637724 12837963.6315836
 12989301.84261249 12938704.52861072 12714403.10114544 12320932.46165778
 11725948.84175145 11197099.21467794 10731525.18962602 10463873.02323229
 10384664.21207902 10585563.60293938 11004705.45977535 11505889.42576768
 12034097.13041485 12520324.66458645 12868552.22539372 12992999.77117567
 12924382.54641096 12674301.73922908 12260095.11312804 11751675.96176262
 11148998.0032322  10687624.98068087 10416050.73575514 10369001.56256166
 10586529.33149472 10991691.08372743 11597254.15418868 12102409.05423549
 12564613.50418858 12866081.31865558 12999340.16002228 12926490.58478934
 12645152.03985244 12210983.78144629 11695092.42516303 11167152.36600314
 10671379.15556363 10402715.19530956 10397817.26743398 10603511.01767575
 11021208.55441416 11548325.9334809  12171235.11112675 12598109.11149366
 12880966.20464532 12993466.80666547 12903962.93537104 12641261.3732218
 12142842.50873875 11607308.56646366 11079881.67111701 10682945.83291801
 10400064.18930792 10407871.09155852 10667924.49156415 11117411.94776658
 11636527.20712576 12165604.31880591 12638477.42744164 12915235.94970322
 12997334.25194014 12888834.75630087 12595524.09582417 12169253.34121928
 11561515.30267023 11020496.2103691  10601206.72049379 10384565.41675408
 10404772.63473905 10671215.32302518 11158428.49927893 11709892.03559252
 12210687.67589005 12636626.12553034 12929422.30087224 12993710.99068844
 12867314.03849862 12540836.16264531 12082793.12958521 11575036.49141365
 11016920.2668977  10590797.47506095 10385638.40604054 10399506.08537883
 10703067.40491263 11151348.0520439  11743941.7691019  12283698.86521683
 12686701.56137244 12936518.10150111 12991372.25411699 12863020.06187861
 12531415.64887501 12032167.12669597 11498274.24264195 10999166.64787781
 10577222.57427329 10379619.0653267  10445253.05178307 10766538.02973731
 11203316.56531019 11740362.96819351 12291269.95574515 12726219.05634755
 12943941.72569745 12985041.15996885 12824059.41429241 12504855.89894502
 12005388.71570059 11407738.72618576 10899657.11135626 10541401.81844446
 10362631.83057639 10446774.29249769 10772402.56183552 11315139.02088054
 11830426.44737741 12334664.85790824 12737813.82488985 12964858.87449445
 12982043.47440975 12808580.06509314 12459256.28499442 11981025.06265366
 11438324.96191729 10865956.53919058 10511588.2454856  10341704.64187199
 10465549.81070529 10794940.08493331 11295438.80394765 11899305.56136917
 12372967.77503573 12751596.62921765 12960274.81775768 12975929.58983416
 12806701.7702346  12392437.71045145 11896250.88299282 11372461.34924452
 10890847.94382956 10499977.78937797 10374391.20793497 10506655.77820932
 10843786.426601   11332533.49352624 11881558.51239617 12445830.46535869
 12793655.24314137 12973939.02339311 12970321.89691955 12769644.82377016
 12404993.71749955 11848711.47185167 11304909.49273302 10822145.33495953
 10479602.16144523 10378448.1486757  10513642.30720833 10934169.06189173
 11405774.36078255 11941497.25283111 12426794.18662479 12820328.629313
 12982812.66249555 12957540.36515329 12728165.57166157 12349352.30003006
 11867492.49637458 11239081.62533547 10751803.14164951 10436121.46150509
 10355926.31547069 10518651.24828995 10894019.08283407 11473938.67521437
 12019124.41243453 12482186.65089559 12827400.87390351 12991218.4028176
 12957257.32480287 12703943.87793281 12302428.97591505 11782425.0360639
 11279445.62608923 10740668.76757283 10441798.09025979 10371350.14574801
 10564388.79515741 10941479.38797361 11460279.41701169 12053930.69332339
 12530785.7689952  12849785.07549868 12989459.58682403 12932992.59178018
 12704594.28441046 12259956.39441355 11703606.93630441 11176241.88595072
 10728246.55554427 10445533.27073712 10395916.50306299 10616881.46107562
 11019761.29840894 11528760.94685477 12054885.61381032 12567829.65054893
 12874208.12260391 12988819.43893586 12919417.19198461 12658065.75055983
 12248505.12820764 11691839.45145639 11121528.90355033 10673537.31368
 10396837.80338836 10390967.3531161  10614054.21057527 11052633.20172711
 11615488.22527794 12122557.89936002 12578985.31982471 12880974.95748088
 13000926.58436825 12917174.88442332 12619876.55647549 12185553.54845229
 11682618.82408208 11106149.85803755 10638891.96543151 10386119.08208879
 10401091.69516685 10614237.16002613 11042891.90607497 11596678.54267181
 12205323.30809813 12615878.23648247 12895598.05799558 12997530.72130078
 12893611.58944138 12607257.20730548 12119828.15256027 11585044.11172178
 11076913.76873895 10650997.87774968 10399135.33264925 10419551.02459488
 10695927.59052436 11126712.95727781 11661616.94628701 12195190.52028557
 12662408.36631213 12920526.94246937 12997169.25590969 12872536.41527667
 12577302.70339782 12137510.24292169 11511289.64315311 10998118.33142234
 10579619.4892322  10399906.92148251 10418539.22174791 10708163.97300899
 11201916.18796023 11721306.08612122 12232182.81824292 12663603.0610058
 12940502.92167781 12996736.10746998 12846134.99058211 12525626.77056411
 12062776.39148582 11545784.48186779 10965974.34491612 10559696.02379093
 10375362.72660123 10416345.64000974 10720347.33172311 11178553.2440518
 11804384.42864649 12297208.89220192 12705388.97059165 12939746.34319695
 12992112.36008095 12849247.18381909 12495158.32293124 12013576.83052561
 11479077.42332355 10974860.88157838 10556526.2752661  10373791.45925271
 10470881.08791184 10760054.17922936 11223307.3398721  11762498.59744791
 12351227.06718926 12729961.02850716 12946560.56615516 12979236.92294325
 12815697.76117113 12492973.69092887 11941432.83155151 11386477.57269316
 10884109.5252136  10547593.43182103 10366860.2188364  10468873.0198013
 10818619.74720997 11327727.16936818 11852872.19001679 12356591.14894893
 12762986.65319071 12973849.13601391 12977411.07773309 12796914.72482748
 12435863.26737916 11968829.82833899 11360648.86468814 10844172.99854061
 10488601.22393813 10354864.13941436 10472592.25964255 10818248.58931505
 11349048.04979266 11922423.4822871  12394825.11390528 12764071.32302024
 12974343.11717874 12969893.37733793 12774859.08743453 12371756.32248546
 11877050.08973397 11360226.28910644 10852422.41609856 10492912.36753053
 10380911.78963784 10493662.62366149 10865791.54256627 11357019.6681392
 11943995.4920078  12460461.53161214 12802895.98289509 12982695.19632229
 12963630.43853255 12760773.67465873 12368267.99994825 11819529.77177427
 11281610.63928923 10811919.41277526 10478015.58247052 10378311.99203037
 10536697.87742876 10946667.12019218 11417289.86962683 11959214.07342477
 12461198.74340603 12836866.33084199 12986542.05851927 12947726.20927919
 12711813.89039313 12333478.41712713 11807626.8077984  11201685.88440839
 10729764.96413311 10438776.99128627 10355544.80419889 10535966.40312715
 10930110.3993504  11525618.75648013 12038313.62155341 12504460.94362293
 12843709.43488213 12995210.66756942 12941891.02587999 12688581.07503161
 12282534.61916427 11769076.80195763 11242209.83552575 10711173.65808116
 10431509.29469815 10361294.04916745 10570368.7741898  10967243.96926942
 11495995.94196456 12099595.98862138 12538622.4566429  12856885.6377262
 12986730.57689721 12929203.25903629 12692838.43869985 12208398.15638316
 11679848.82569112 11158664.82708612 10730664.23726798 10424497.51752581
 10395600.51778181 10629144.86897129 11033181.36920404 11546255.51145699
 12085903.08568508 12601961.79960395 12887490.59973542 12991355.02888685
 12914438.63377121 12639041.51795031 12226256.80552183 11638029.22723871
 11099868.49454116 10661241.58374538 10394771.53605515 10400475.43336313
 10625729.87824362 11115327.51061462 11624736.42390158 12149644.63029681
 12589881.48665651 12902183.96540883 12998403.59129205 12898912.51538442
 12596865.87877059 12164765.32990901 11659447.69516769 11052647.37465217
 10611548.0734233  10377213.02928437 10387430.99388184 10637754.8916449
 11070902.06024815 11675067.77531855 12216412.7558939  12629982.72356288
 12911082.7775338  12998909.26061347 12893840.16682185 12566569.73498328
 12104065.93884686 11564052.19297361 11076645.5854009  10606842.28001218
 10389032.76851224 10420455.79837712 10708464.42057478 11139682.37608559
 11677314.6912347  12242577.60280255 12678834.47829273 12929331.34823983
 12994634.52172171 12860407.47230944 12564841.39812082 12072558.77591018
 11486329.45267384 10978110.18597928 10576312.82829642 10391585.20825099], [5.046515e+13]