0.2	0.0	0.0	9088886.462975424
0.20002766722624976	-0.04105258262347566	0.06841699815387811	9088755.27031507
0.2001106755933634	-0.08254668480092901	0.13709156784229387	9088358.944359886
0.20024903386192916	-0.12485815881357899	0.20628084815447778	9087691.819439424
0.20044272842515512	-0.16825809698708463	0.27624090737187024	9086749.908429544
0.20069169716355933	-0.21290335527123477	0.34722513590890325	9085533.50843213
0.200995807881163	-0.25884669456987935	0.4194820158711982	9084045.070900254
0.2013548374104318	-0.3060286169532072	0.4932508030678495	9082284.340224592
0.2017684628642225	-0.354212967653945	0.5687559672688949	9080246.71508379
0.20223626889963486	-0.4028379418722681	0.6461989550348016	9077926.621379653
0.20275776743640553	-0.4508333799821981	0.7257481537976866	9075322.468886983
0.20333243043225635	-0.4965054327937018	0.8075265533389586	9072437.170934314
0.2039596753333632	-0.5376894569218397	0.8915978953345088	9069272.612180056
0.20463882402239716	-0.5723284914239195	0.9779524949437315	9065825.88736213
0.2053690866992988	-0.5994022589903006	1.066494390790194	9062093.798291747
0.20614960733042567	-0.6197088872899815	1.157032069129506	9058080.237497993
0.2069795473787207	-0.6357847096221098	1.249275461408555	9053796.315537224
0.20785811206109134	-0.6507171136830919	1.3428412374184284	9049252.774726493
0.20878451225156383	-0.6665586673750402	1.437267761506647	9044455.35932893
0.2097579340388717	-0.6835460134151933	1.5320393052157009	9039407.781224728
0.21077754942424176	-0.7005840913871276	1.6266172847390785	9034115.73712891
0.21184250051387882	-0.7163085636732816	1.7204745281627516	9028586.431083748
0.21295184858276286	-0.7299634051854779	1.8131280706057422	9022825.778310277
0.21410453283504707	-0.7419204236284642	1.9041660134184288	9016835.811051358
0.2152993763468275	-0.7537910192166287	1.9932658430449592	9010611.26508411
0.21653513138709127	-0.7679492719697052	2.0802027945857704	9004141.869251266
0.2178104814504494	-0.786626472692821	2.164849497934207	8997421.711593956
0.21912403546438697	-0.8111440728370917	2.2471687363895883	8990456.227845615
0.22047433465707578	-0.8417122260172479	2.327201536652248	8983257.362410186
0.22185987696544052	-0.8776958277173023	2.4050532896932126	8975833.609039856
0.22327915001133686	-0.9180385295284997	2.4808794271460974	8968188.539904244
0.22473062229542343	-0.9615861580728269	2.5548724499989004	8960328.798661921
0.22621272886440738	-1.0072415476162995	2.627251218324904	8952270.366211867
0.22772385156130234	-1.0539758642826627	2.698252091240703	8944034.51736492
0.22926230759039332	-1.1007859282445511	2.7681227554021985	8935638.436167585
0.2308263624433616	-1.1466786319448388	2.837117949237579	8927089.898002185
0.23241424669356525	-1.1907366092306078	2.9054967949467683	8918390.390313534
0.23402417113198484	-1.2322536127113388	2.9735218231824194	8909541.938339908
0.2356543248226615	-1.270910600065995	3.041458984370231	8900551.428721303
0.237302868036895	-1.3068932810860063	3.109578328894587	8891429.07661251
0.23896790731090028	-1.3409059884544332	3.1781550358373485	8882183.9341886
0.2406474896016397	-1.37405697389668	3.2474702784208174	8872821.886209343
0.24233960542883456	-1.4076308939268238	3.3178117065059682	8863347.804019986
0.24404221044507501	-1.4428391689105498	3.389473042336186	8853769.560393652
0.24575325010226656	-1.4805921898910017	3.462752286119956	8844100.059035683
0.24747067157329278	-1.521359149582868	3.5379479088091546	8834354.790502267
0.2491924258696805	-1.565129976264918	3.6153521609767663	8824547.034001544
0.2509164500756699	-1.6114668298789188	3.6952423733592044	8814685.158018965
0.25264063922837543	-1.6596313339477924	3.777863931585508	8804776.543020317
0.2543628347162056	-1.7086413092681036	3.8634168839685405	8794831.609487975
0.25608083704066376	-1.757317775555319	3.9520302499831548	8784867.949897666
0.2577924518824599	-1.8043367346968708	4.0437393346450055	8774905.896341724
0.25949552317369107	-1.8484361064316248	4.138460000546449	8764958.177383019
0.26118789305260215	-1.8887848179714863	4.235967831115335	8755025.354944738
0.2628673116305491	-1.9254289549915196	4.335886094432089	8745108.856075332
0.26453144625966885	-1.9594872702685573	4.437688140096744	8735227.779295102
0.26617799622632227	-1.992719833875146	4.540718085909484	8725413.160471957
0.2678047516166834	-2.026537913344065	4.644229158637273	8715684.446073787
0.2694095228629777	-2.0610142360776766	4.747436083428501	8706041.99113949
0.2709901123547146	-2.094600136418427	4.849575210636918	8696489.646080023
0.27254439597912833	-2.1250335780447696	4.949959972350405	8687056.142613709
0.27407032499656	-2.1511144195526786	5.048024773569436	8677779.557907356
0.2755658896839521	-2.1739037556668395	5.143350389044066	8668669.49095476
0.2770290566858888	-2.1961212051048884	5.235670798618973	8659712.966340106
0.2784577098157241	-2.2204228561173998	5.324864924393746	8650913.831436787
0.2798496936813341	-2.2481452946052642	5.410937766262659	8642302.414227748
0.2812029328558493	-2.279250068297871	5.49399600369939	8633909.262938462
0.2825154995353003	-2.3130814313677615	5.574222263358313	8625745.098279936
0.283785531327557	-2.349095377046648	5.651852317343254	8617808.348929793
0.2850111617241468	-2.3870323078237563	5.727155570334729	8610102.923352297
0.28619056988822755	-2.4265662028253647	5.800420436447288	8602645.441191874
0.287322098393741	-2.4669009090251004	5.871943702898805	8595460.837721132
0.2884043091668039	-2.5067044721969647	5.942023440141848	8588572.233923296
0.28943592888460146	-2.5444046162064686	6.010955125701826	8581995.26051683
0.2904157421522508	-2.5786949904827843	6.079029895230132	8575739.39230624
0.2913424908868734	-2.6089480697936587	6.1465346607206	8569812.273422789
0.2922148505916867	-2.6354391263847368	6.213753508497984	8564222.614111844
0.29303145695250665	-2.659304833787082	6.280969797391766	8558979.115823431
0.2937909976565567	-2.6822799780627617	6.348468895899065	8554088.119347656
0.29449227846999104	-2.7063172893206393	6.4165408953919565	8549553.933644477
0.2951342779077433	-2.733144384467238	6.485483306609529	8545381.134398943
0.29571614280615216	-2.763869617132899	6.5556030830427	8541576.839878196
0.2962371398213555	-2.798696186904635	6.627217698140249	8538150.43143382
0.2966966231326478	-2.83686567018436	6.700654464296123	8535110.555596609
0.29709397656609027	-2.8769128456014865	6.776247638137974	8532464.230097998
0.29742862724837477	-2.9172765222215187	6.85433210851697	8530218.367286341
0.2977000656501825	-2.9569860177592107	6.935233406120121	8528381.824477164
0.2979079082450271	-2.996035940484181	7.019252248479919	8526965.126891121
0.29805188036229024	-3.0350543331503226	7.1066434014294	8525975.319902234
0.29813178427043063	-3.074441364765545	7.197588585330706	8525412.3915528
0.2981474653408063	-3.1137263699732016	7.292163544243962	8525273.1914108
0.29809889806353984	-3.152024295053533	7.390304270962335	8525558.90171367
0.2979862005370748	-3.1893965542752682	7.491775988745091	8526274.95048106
0.29780951986262644	-3.2274389201728457	7.5961528366801	8527422.97788004
0.29756897969619167	-3.2679865891847273	7.702816083377922	8528995.742242347
0.2972648755836178	-3.3112363219349756	7.810976924047146	8530978.67265681
0.2968976881676789	-3.3554519691691254	7.919726635334745	8533361.153508848
0.29646792298602476	-3.398563812656017	8.028107433147664	8536144.26282896
0.2959761132414757	-3.4399897487875215	8.135192737962099	8539327.835535474
0.29542299750012385	-3.480905651864151	8.240161933129958	8542906.62766565
0.29480948103137344	-3.5228683480112606	8.342355108220273	8546877.958268868
0.294136554450051	-3.566191865930066	8.441302596046839	8551234.84607153
0.2934052353120146	-3.609877020220691	8.536728203902143	8555964.031527905
0.29261660243278936	-3.6529441536671015	8.628532277816568	8561056.496577349
0.29177181134257113	-3.69538012552131	8.716762818460333	8566507.377040332
0.2908721162498361	-3.7377904446517682	8.801580908236637	8572306.69943134
0.28991885645113796	-3.7804708813225156	8.883227954631144	8578437.334838387
0.2889134272443724	-3.8228077002270155	8.961996977711825	8584881.346286103
0.2878572681803335	-3.8634576827953424	9.038209921920505	8591625.370404964
0.2867518434140641	-3.900989223580843	9.11220146658729	8598658.898432394
0.28559867108065706	-3.934555400157485	9.184307229350994	8605970.42026932
0.2843993092121522	-3.9642211468176627	9.254857002066963	8613546.066879433
0.28315537160158666	-3.9909466280757213	9.324170809899574	8621371.228376899
0.28186850159613513	-4.016353464684618	9.39255783152584	8629432.481301568
0.28054038977378587	-4.042311595311935	9.460316994306828	8637717.174106684
0.2791728048266563	-4.0705564290668645	9.527738489893878	8646212.198708812
0.2777676113986711	-4.102282579039639	9.595106242714822	8654904.239839388
0.2763267706470181	-4.137912545715775	9.662700174920255	8663781.95667551
0.27485230004138106	-4.177035843134792	9.730798713215988	8672838.228102112
0.27334621228484074	-4.2185589675349116	9.79968053270255	8682068.23319036
0.27181050180696426	-4.2610577657451225	9.869625622016265	8691462.110016622
0.2702471428432281	-4.303142536585984	9.940915009400229	8700998.852395443
0.2686581419762628	-4.343737123166559	10.013828672990194	8710647.489864416
0.26704557484002484	-4.382104270662272	10.08864149445108	8720377.948143926
0.2654115779909984	-4.417644513409296	10.165616405849804	8730173.679912224
0.2637583482115616	-4.449667858798646	10.244994069368808	8740031.426936993
0.2620881625300962	-4.477460589115455	10.326980085561562	8749947.766633281
0.2604033711035542	-4.500748556074959	10.41172723562068	8759903.74379345
0.2587063082923744	-4.520273454556421	10.499315833650277	8769869.459428307
0.2569992006200758	-4.5379958316845554	10.589732507984833	8779827.075203624
0.2552841965097133	-4.556511040306396	10.68285059779885	8789782.255352365
0.25356350404103184	-4.577877669294724	10.77841643901001	8799744.524726143
0.25183939669681726	-4.602603918346097	10.876044367662757	8809699.325705659
0.2501140847025016	-4.6296832841636295	10.975224833276972	8819614.183183765
0.24838966566095114	-4.657490944520628	11.075346806338109	8829467.674128924
0.24666823060934084	-4.684817323632745	11.175735865064457	8839257.233944867
0.24495194479428972	-4.711583397033981	11.275699871450461	8848979.430204784
0.24324299199840355	-4.739106302307817	11.37457935120141	8858614.257171506
0.24154346207961258	-4.7695899683009495	11.471790619114552	8868137.271594342
0.23985533857760066	-4.8049954431876385	11.566859176262527	8877538.835389357
0.23818059074656278	-4.846022518285633	11.659438314884374	8886822.67460336
0.2365212236671246	-4.891865761768097	11.749313133163747	8895988.970992269
0.2348792480626187	-4.940714385365874	11.83639207179303	8905026.046032237
0.23325662690041807	-4.990533929802366	11.920690704481407	8913917.670438206
0.23165526011267948	-5.039670883950262	12.002311799795242	8922652.168249937
0.23007698778458874	-5.087058994129937	12.08142413923328	8931224.509866247
0.22852359199734756	-5.132149106991247	12.158244477005278	8939632.593260309
0.22699680653597834	-5.174768791675682	12.233020851195052	8947871.646732941
0.22549831251153382	-5.215043458560837	12.306020265444435	8955931.914753418
0.22402975904620936	-5.2533747170307485	12.377519631335531	8963800.805043902
0.2225927576450746	-5.290403323595352	12.447798442863833	8971468.484179627
0.22118887436740772	-5.326964617270592	12.517135798328566	8978930.086524686
0.219819627947635	-5.363972808511924	12.58580748310234	8986185.152335389
0.21848645929988933	-5.4022579364647685	12.654085307365426	8993233.196420398
0.21719073055821841	-5.4424361587164825	12.7222369758542	9000070.978729723
0.2159337352928291	-5.484787556339381	12.790526396649716	9006693.141933015
0.21471672989196944	-5.529237003544979	12.859213926035041	9013095.380862398
0.21354093245417463	-5.575394039672102	12.9285566491992	9019277.404170092
0.21240754752989394	-5.622668778470326	12.998807247316208	9025238.603755087
0.21131776732228835	-5.6703284506326606	13.070212694072952	9030974.590369157
0.21027273542465932	-5.71755421515935	13.143011464946786	9036472.070844518
0.20927353259313253	-5.763390041710392	13.217426969473976	9041715.601565184
0.20832116260016198	-5.8067056056718185	13.293662851653165	9046692.749280808
0.20741654853202737	-5.846166659471641	13.371892692371624	9051399.242319882
0.2065605656131801	-5.880370535931805	13.452249237752827	9055832.713634871
0.20575405903226066	-5.908174923542757	13.534812250198318	9059986.154855018
0.20499784369537757	-5.929250438899483	13.619594750864964	9063850.04656638
0.20429269596000188	-5.94454694423066	13.70653111037803	9067421.623123394
0.20363929091991123	-5.956286301156096	13.795467279867541	9070709.650255041
0.2030382431882312	-5.9672168454170045	13.886156508755315	9073727.584283518
0.20249010534200576	-5.979453842581828	13.978261876550134	9076484.650464036
0.20199537556191346	-5.993694694703677	14.071367584718262	9078984.417540304
0.20155448567449194	-6.009205189562778	14.164998422357153	9081226.924890582
0.20116777167221117	-6.024497288990619	14.258647572850254	9083209.469874885
0.20083549489918495	-6.03831856183439	14.351807028549004	9084927.865206802
0.2005578664755793	-6.050720708534743	14.443999714893224	9086378.230523054
0.20033511162002127	-6.06351747121178	14.534806368406294	9087554.244689072
0.20016744230763056	-6.079687676395951	14.62388609454178	9088443.250240436
0.20005508800661906	-6.1019638483604615	14.710987758244022	9089031.346975714
0.19999823023833882	-6.1316412807142155	14.795953136122892	9089313.784279285
0.19999698877055	-6.168313393084488	14.878712455192066	9089296.252874963
0.20005142015873925	-6.210412777226819	14.95927546967602	9088986.385673257
0.20016152026352155	-6.256045756019363	15.037718588160468	9088385.945077907
0.20032723188898965	-6.30353251058394	15.114172359622533	9087493.472155137
0.20054841434432183	-6.351636265947037	15.188808060555898	9086312.140433563
0.20082484390672758	-6.399536125201188	15.261827650553942	9084851.292337613
0.2011562107150067	-6.446688729547004	15.333453443413	9083120.422811683
0.2015421102255991	-6.492735100514883	15.403922243930865	9081124.775308874
0.20198209697829433	-6.537441444374089	15.473479663298434	9078864.542090263
0.20247568769273946	-6.580719722830825	15.542376586172162	9076340.186517641
0.20302237490132427	-6.622650104795939	15.610867584558513	9073554.512117371
0.20362167383383717	-6.663509316288318	15.67920948571933	9070512.024277374
0.20427307794852947	-6.703716965586825	15.747660983895578	9067214.056210753
0.20497605368733865	-6.743800461259805	15.816482426415089	9063657.96548836
0.20573004009054968	-6.784295675332925	15.885935679084238	9059838.189922947
0.20653440386981362	-6.825674390473602	15.956282841242668	9055752.262824353
0.2073884394353345	-6.868315477986487	16.02778519221964	9051402.85730882
0.2082913595078603	-6.912493796267647	16.100700529511286	9046796.60215675
0.2092422907823755	-6.958359981508732	16.17527772779372	9041938.907346616
0.21024027125868927	-7.005891573373368	16.251751113806694	9036830.86853152
0.2112842529699716	-7.054751820010489	16.330330944720213	9031470.27353105
0.2123731436606951	-7.104069645148029	16.411191228379028	9025856.426920116
0.21350580924282944	-7.1522745461374	16.49445676971062	9019992.828804541
0.2146810673186748	-7.197172558817472	16.580186109354276	9013885.724183919
0.2158976195191399	-7.236444438554425	16.668356448781857	9007540.169209795
0.21715404269416883	-7.2686598933419955	16.758848067000358	9000958.171435729
0.2184489005106274	-7.294100460303391	16.851435050370924	8994141.294543087
0.2197808342481611	-7.3148949748663705	16.9457820487534	8987095.08487501
0.22114854707474452	-7.333970630451919	17.041452114981382	8979829.135614559
0.22255065975308885	-7.353456094892252	17.13792535196492	8972353.512858195
0.22398568188453036	-7.373790530404691	17.234628825475607	8964674.852854628
0.2254521074827938	-7.394072904936087	17.33097230661836	8956797.811860373
0.2269484710573702	-7.4130507626950894	17.4263885636559	8948730.648278434
0.22847326428320733	-7.42985482529294	17.520368221421702	8940487.01858604
0.2300248137636705	-7.44451256617894	17.61248876584949	8932079.35186799
0.23160131829267047	-7.458204200038805	17.702431104203278	8923508.872168472
0.23320093357916702	-7.473026551165387	17.78998557520683	8914767.793874485
0.23482181474502267	-7.491223909044566	17.875048190518033	8905853.077303907
0.23646205981504864	-7.5143656446384215	17.95760987391104	8896775.525163898
0.23811967551946522	-7.542986636470495	18.037741387173355	8887552.66890374
0.23979262239553922	-7.576736086088381	18.115577061463686	8878195.779899608
0.24147885356822715	-7.614777382393963	18.191298784904873	8868709.047385894
0.24317635250557834	-7.65614222961462	18.265121973453713	8859100.14234233
0.24488312071792326	-7.6998765969994585	18.337285130671674	8849389.027693562
0.24659713909459716	-7.744997672301511	18.40804010892797	8839601.935390163
0.2483163435580699	-7.790430677857756	18.47764748368572	8829762.498035727
0.2500386107928695	-7.834981889486363	18.546371908596296	8819882.51627541
0.2517617790728238	-7.877479402368067	18.614480463937504	8809966.166762259
0.25348368083312073	-7.9169768450215665	18.682242187066944	8800017.27770471
0.2552021735810775	-7.953035865779887	18.749928866501254	8790045.186663397
0.25691514381168246	-7.985872767864873	18.817816243975127	8780063.936295066
0.25862048740988763	-8.016390251336947	18.886185845384134	8770087.494426703
0.26031608253461225	-8.045992552885727	18.955326550691378	8760127.003768872
0.261999765798883	-8.076329255287256	19.025535739785894	8750191.9639004
0.26366934533204833	-8.108884942610501	19.097119567966093	8740293.887820767
0.2653226322632856	-8.144704971832756	19.170391960564622	8730447.816376997
0.2669574805238105	-8.1841452109585	19.245671610436872	8720670.294765247
0.26857177845660146	-8.2268532585832	19.32327493415693	8710975.579526236
0.27016343970781465	-8.271915138202388	19.403508308820314	8701375.040581025
0.27173036916468246	-8.318276948359511	19.4866511560368	8691880.862433432
0.2732704237193473	-8.365104342173662	19.57293860823902	8682509.962179208
0.2747814630222747	-8.411926314310092	19.6625374467061	8673282.88191351
0.27626142359388445	-8.4583868259891	19.755515696796586	8664217.81728667
0.2777083257489531	-8.503872687755639	19.851815112532396	8655325.277175633
0.2791201571026354	-8.547478048621791	19.95122211021122	8646612.673907004
0.28049479800637167	-8.588582421295449	20.05335161512651	8638092.338045647
0.2818301866528301	-8.627684801503383	20.15764548178933	8629783.73711357
0.283124488110443	-8.666334574381986	20.263390516701048	8621708.37570993
0.2843759877903529	-8.705870163587505	20.369762773082464	8613881.529119685
0.28558293131428714	-8.746072358058894	20.475885892886268	8606306.908127915
0.286743543716819	-8.784879288980015	20.580903067399095	8598988.35418758
0.28785620869176926	-8.819924004805793	20.684042563068946	8591951.656274686
0.2889194716995397	-8.850707920016605	20.78467023414678	8585227.808937615
0.2899318806265223	-8.879141035682604	20.882319514671867	8578823.362270892
0.2908918503532944	-8.908006609432265	20.97669875687866	8572733.04622855
0.2917977713020349	-8.938984974192504	21.067680247081018	8566967.617557332
0.29264826314989684	-8.972162997009539	21.155276816336336	8561549.856396614
0.29344215397227713	-9.006884033265932	21.23961291630033	8556494.790007051
0.2941783420798249	-9.042743986641783	21.320894498051985	8551805.226753907
0.2948556757591595	-9.079839445652404	21.399383081874163	8547481.479401942
0.2954730076308575	-9.118256221403707	21.475373205502052	8543527.525016656
0.29602932131743137	-9.15750685831742	21.549176799777005	8539951.36854879
0.29652382276895545	-9.196363697178885	21.621111040449467	8536761.363193044
0.2969559111049746	-9.233213804408301	21.691491381956062	8533963.351350151
0.29732516941015685	-9.26664759200939	21.76062732951221	8531561.272027345
0.2976313006071141	-9.295971552412938	21.82882088079663	8529559.950942336
0.2978740511974729	-9.321439841279789	21.89636688308049	8527967.733745022
0.2980532096572061	-9.34419105819535	21.96355465996893	8526794.24900324
0.298168553516143	-9.366009451020657	22.030670131337565	8526045.923211876
0.2982198407292116	-9.388867752379959	22.097998983033385	8525722.27245598
0.29820686330428564	-9.414522999345845	22.16582923928714	8525816.743141778
0.29812948367251446	-9.444085751846494	22.234454085812498	8526321.647883965
0.29798764452461207	-9.477757465629477	22.304174044832223	8527232.943419417
0.29778143839147253	-9.514784027532572	22.375298074211194	8528549.861848027
0.2975110613426156	-9.553727690521619	22.448143094668797	8530272.41757168
0.2971768575575884	-9.592969411844555	22.523031736549612	8532399.190437308
0.29677934759776003	-9.631368645014696	22.600286351135086	8534926.98523615
0.2963192138196898	-9.668585995680962	22.68022063414669	8537853.24564903
0.2957972591292484	-9.704866380176885	22.763124629443478	8541177.39022973
0.2952143184125786	-9.740406367034545	22.84924695949966	8544899.110162398
0.2945711837762105	-9.77482229584264	22.938768039909046	8549013.43589077
0.29386872362571026	-9.807435226540752	23.03177274251294	8553506.406964034
0.29310805651701693	-9.838419318922465	23.128217152795823	8558363.38111174
0.2922904753900459	-9.869561297475238	23.22790105431418	8563581.646558566
0.2914172385575499	-9.903464817955829	23.33044722359818	8569163.420908535
0.2904895004258059	-9.941491778070127	23.435297533669576	8575093.330851758
0.2895085037500178	-9.982540095997123	23.541730080992732	8581341.356513483
0.2884756696060127	-10.024155905182997	23.648901975650045	8587892.873011682
0.28739248958465957	-10.064722014242621	23.755911141356208	8594748.000761682
0.28626044928566247	-10.104588283445658	23.861870034545145	8601897.585161922
0.28508104657015504	-10.145313119484346	23.96597597910006	8609325.772941878
0.2838559905087812	-10.188115753874525	24.06756601288321	8617016.254561279
0.28258716391905575	-10.23288796755756	24.16615029161418	8624953.584781826
0.28127646235395715	-10.278628646307643	24.261420819986	8633125.104131287
0.2799257218891681	-10.324525655311586	24.35323993111945	8641522.102892358
0.27853679888834937	-10.370359743185187	24.441617792047094	8650132.573131472
0.277111653518604	-10.416088438437725	24.526678859253806	8658938.315759275
0.275652314498653	-10.46132754116498	24.608634439517317	8667919.071228918
0.2741608023860775	-10.505142715712676	24.687751540026373	8677058.22531965
0.2726391065976128	-10.546340865249533	24.764332666150985	8686343.476932067
0.2710892318308837	-10.584011994383175	24.8386974403936	8695762.457461027
0.26951323726532117	-10.617921905206444	24.911170627067694	8705300.148420012
0.2679132187930528	-10.648654321252943	24.982074431267325	8714940.289366527
0.26629130862238587	-10.6774522185426	25.05172348343868	8724668.515766533
0.264649646828978	-10.705987328370217	25.120423288611313	8734473.055446211
0.2629903285414498	-10.735957306672876	25.18846976222768	8744342.599444518
0.2613154351412674	-10.768704170964511	25.25615046494212	8754263.579601575
0.25962706493380827	-10.804969138878306	25.323745933565466	8764220.674815984
0.2579273702669814	-10.844750141992998	25.39153193621062	8774200.99164561
0.2562185380348781	-10.88737385758499	25.459781015496418	8784197.258625036
0.2545027937241632	-10.931707670434497	25.528764045558635	8794206.242403597
0.2527823390093634	-10.976486339230004	25.598750575265086	8804219.983688695
0.25105933046015966	-11.020499666920784	25.670008201963267	8814220.334874146
0.24933587518206274	-11.062726424376153	25.742800098651127	8824178.765306689
0.24761406066570335	-11.10226028187315	25.81738006836748	8834068.908684703
0.2458959855939675	-11.138208421223458	25.893986751062897	8843875.64287388
0.24418379200507725	-11.16968581506823	25.972832460285353	8853594.003554592
0.24247966189480752	-11.196021037409725	26.054092122400736	8863217.794862185
0.24078576605500196	-11.217193900740353	26.137887108629904	8872730.29409367
0.23910419979554787	-11.234201167881375	26.22426801306974	8882112.221101882
0.23743696423329144	-11.24901886894425	26.313198037601154	8891356.18661602
0.23578603484708965	-11.263956918455076	26.4045371830174	8900468.618347706
0.23415341774164694	-11.280781147433771	26.49803320567545	8909454.784500726
0.232541075990294	-11.300081408149758	26.593320220050888	8918304.96828692
0.23095081107163573	-11.3213312124761	26.68992761644733	8927000.283149458
0.22938429821709194	-11.34338065842793	26.787303528379226	8935527.335370172
0.22784321917600123	-11.365028453141665	26.884845328567483	8943881.01488262
0.2263293057527124	-11.385914766362733	26.981942220157787	8952056.143325133
0.22484423526518196	-11.407236645518594	27.078013545325536	8960041.334746063
0.2233895307782892	-11.431539638563072	27.17254768750882	8967823.617694428
0.22196666438165807	-11.461465638224965	27.265127588049108	8975395.62057213
0.22057719859649713	-11.498270953361212	27.355447133597572	8982756.063493745
0.21922275410723935	-11.541338908214634	27.44331463546742	8989903.910045393
0.21790491456723016	-11.588716475883604	27.52864585809581	8996833.312863557
0.21662513742837072	-11.638052239217538	27.611451830597698	9003535.429160254
0.21538478407930436	-11.687423812139256	27.691821374388503	9010003.537160808
0.2141851819184699	-11.735624982593837	27.769905266303073	9016235.732325513
0.21302761394733197	-11.782071319230855	27.845898154310188	9022232.885729069
0.21191329014941443	-11.826620123141954	27.920027002865957	9027994.923940519
0.21084335795918785	-11.869373439293856	27.992538389620236	9033516.73615172
0.2098188748377828	-11.91059190101944	28.063690348645498	9038790.163051484
0.20884083094146516	-11.950673387300787	28.133747036308293	9043808.532339364
0.20791015281175454	-11.990127968432228	28.20297403315747	9048570.294450594
0.20702767546777018	-12.029541753382667	28.27163635701386	9053078.434252122
0.20619416738399174	-12.069523893099019	28.3399975961268	9057337.385677163
0.20541034590586782	-12.110602482373903	28.408319079681494	9061347.249279993
0.20467690523774587	-12.153124239182468	28.47685982980916	9065105.49252795
0.20399452934968973	-12.197231914456692	28.545876322584324	9068607.82161536
0.20336388766585078	-12.242841385546415	28.615622493555463	9071853.489811942
0.20278562646404877	-12.28969452994164	28.686347574298782	9074842.436415182
0.2022603777922131	-12.337393696227778	28.75829404782301	9077571.451806221
0.2017887205508165	-12.385399758794298	28.83169464730795	9080032.23958142
0.20137114296005276	-12.43298365135296	28.90676622866258	9082212.464487132
0.2010080521054265	-12.479092579761401	28.98370055051306	9084104.412415568
0.20069976794005634	-12.522310137637842	29.062658070669436	9085706.269258356
0.20044652420619044	-12.560904779878554	29.143753638322835	9087018.253924444
0.20024851939723812	-12.59319908276481	29.22704487347519	9088034.961199954
0.2001059112171179	-12.618215395155799	29.312519217201388	9088747.450255992
0.200018777243758	-12.636409355375893	29.400081944677687	9089153.770592712
0.1999871594114349	-12.64985266262551	29.489548902346947	9089263.475111471
0.20001104114497834	-12.66151550121906	29.580643940161767	9089091.450447898
0.20009039655838218	-12.673942925863766	29.673004300999903	9088647.997853938
0.2002252141075502	-12.68814130948593	29.76619494067693	9087937.920685196
0.20041542341158938	-12.703478046633752	29.859730495962477	9086964.794228453
0.2006609166905613	-12.718444574691754	29.95310424145954	9085730.846876508
0.2009614769257723	-12.731736030752156	30.04581924409563	9084235.976222161
0.20131680902715635	-12.743210688630922	30.137418559658133	9082477.68166062
0.20172660362474287	-12.754327846246264	30.227510228385484	9080449.587403368
0.20219047407021296	-12.767742647493366	30.31578459706773	9078139.463913102
0.20270801219146287	-12.7861772669686	30.40202280991203	9075533.637397407
0.20327873149677114	-12.811295345364705	30.486097334762167	9072627.298358442
0.2039020558282817	-12.843295491574226	30.567966061889685	9069426.876363838
0.20457740322864668	-12.88123904517647	30.647661687573116	9065941.426202351
0.20530414216251552	-12.923649073995124	30.72527961288416	9062175.052733552
0.2060816000487446	-12.969035471640451	30.800964041129788	9058129.134536894
0.20690903436924732	-13.016123469485207	30.874897320139194	9053810.033706324
0.20778561943035043	-13.063892995677168	30.947287808716542	9049230.405399147
0.20871043138072076	-13.111528135073796	31.018363117064315	9044404.754132336
0.20968250570737013	-13.158339995201207	31.088363356914815	9039341.081205059
0.21070084531595754	-13.20376635132735	31.15753619119615	9034041.639174249
0.2117644272969584	-13.247400851007397	31.226134831719158	9028505.913972244
0.21287222888806298	-13.289077688946309	31.29441615147153	9022736.14939857
0.21402320654155144	-13.328926149513473	31.362640202962837	9016736.390342122
0.2152162424894721	-13.367373157010839	31.43107026796917	9010510.065515628
0.21645016815856488	-13.405088893428594	31.499972985980605	9004057.463917764
0.21772374854283097	-13.44285761036981	31.569618408347633	8997376.596204402
0.2190356635178003	-13.48143795283787	31.640279246885918	8990468.45834053
0.22038453247713055	-13.521492159855585	31.71222979947676	8983338.658233235
0.22176892308604682	-13.563495624876971	31.78574326760465	8975998.04798716
0.2231873584963491	-13.607715325481951	31.86108509556998	8968456.479159135
0.22463831298595613	-13.654184311709816	31.938508205555976	8960720.630417667
0.22612018714573595	-13.702634137756785	32.01824181904484	8952791.823867416
0.22763133772977912	-13.75230279783355	32.10047554443114	8944671.830242379
0.22917007338689743	-13.801820372809239	32.18534750800774	8936366.233607722
0.23073462456873628	-13.849192986873213	32.27292211070665	8927887.164320365
0.23232314870228987	-13.892241843880981	32.363172317108166	8919248.05182545
0.23393374490053	-13.92941137689017	32.455961688187514	8910455.17554606
0.23556452657137938	-13.960598179420082	32.5510316937533	8901506.186248738
0.23721369202254483	-13.987344504032691	32.647998852399475	8892401.044012176
0.23887940870000696	-14.01208248860841	32.74636400491284	8883153.555098638
0.24055971133989193	-14.03684737555637	32.84553505226373	8873785.126311854
0.24225253965250887	-14.062311842171285	32.94486380241737	8864308.097574702
0.24395586241926043	-14.087805871946797	33.04368813825237	8854723.969363464
0.2456677171007885	-14.111971300968463	33.14138033667539	8845040.851255018
0.24738607819005384	-14.133510578206355	33.237386202281634	8835283.328665
0.24910876751247096	-14.152065307472727	33.33125742174565	8825476.111823933
0.25083355417214215	-14.168728190435733	33.42266712866048	8815623.533308702
0.2525582830617798	-14.185746018766643	33.51141339949469	8805715.573315661
0.2542808311931425	-14.205536886165143	33.59741200561656	8795752.611413749
0.25599898325800874	-14.229691529727688	33.68068082134374	8785755.432452127
0.25771041862267763	-14.25862983701209	33.76132202433486	8775749.623460725
0.2594128076286717	-14.29194422793818	33.839500200007485	8765748.194184091
0.2611038765883737	-14.328852239045242	33.91542710289991	8755753.54319868
0.2627814262687493	-14.368605442302156	33.98934417306188	8745773.289857201
0.26444331225485634	-14.41048523045086	34.061511806394854	8735829.623779934
0.2660874298586253	-14.453617132579886	34.13220090839173	8725954.702511454
0.2677116817547875	-14.49684508305111	34.2016864836583	8716175.711281646
0.2693139523983716	-14.538785734257221	34.270245024547215	8706508.569105607
0.2708921010993104	-14.578097782191803	34.338152559449135	8696959.270312954
0.2724439787652213	-14.613855689833086	34.4056850658011	8687532.924007386
0.27396747238112046	-14.645803630744847	34.47311949370125	8678238.729934003
0.27546054442624723	-14.674498208429513	34.54073604537545	8669090.347004283
0.276921259436974	-14.701225024579532	34.60882007014513	8660102.508758193
0.27834771719792967	-14.72773798334839	34.67766452875085	8651288.782169932
0.27973805026731924	-14.755846119457015	34.747571878100445	8642662.15841292
0.2810904003016685	-14.78705790354012	34.81885506654148	8634236.731719028
0.28240293138946404	-14.822176753400202	34.89183712839362	8626027.767507011
0.28367384340467067	-14.861121001159846	34.9668490356793	8618049.709963035
0.2849014211031982	-14.90295756376393	35.04422430844167	8610314.505811248
0.28608396269276853	-14.946312184915026	35.12428963349706	8602833.962330151
0.28721979416532456	-14.989994199761428	35.20735216426013	8595623.573705
0.28830726973674564	-15.033575139890049	35.29367827233056	8588702.651199138
0.28934478529550184	-15.077384428626155	35.38347144171691	8582088.560085248
0.29033082512669367	-15.121785528555545	35.476838246497664	8575791.922052518
0.29126398008068083	-15.166412661478612	35.5737579513812	8569819.913083265
0.2921428750563868	-15.21013886155967	35.674048454919415	8564184.80440588
0.2929661316885283	-15.25218513751911	35.77734400127051	8558900.211525789
0.293732465118611	-15.293213656114698	35.883087521677005	8553973.796644809
0.29444074347805826	-15.33485343327725	35.990544667945976	8549413.595889205
0.29508998917015045	-15.377951183045697	36.09884830886622	8545229.12504608
0.2956793524390063	-15.421506516568298	36.207059043821374	8541420.74906585
0.29620796989567316	-15.463264038325423	36.31424603986961	8537991.12744207
0.2966750633244611	-15.501707068216865	36.41956106806645	8534958.583389832
0.29708007349068155	-15.537517313795286	36.522300517090976	8532341.171709167
0.2974224608032221	-15.572832644659352	36.62194168332109	8530144.028380489
0.297701663188509	-15.609252498243553	36.71815350766122	8528364.303183142
0.29791720091253004	-15.646798880068069	36.81078500945519	8527002.061764924
0.2980687804546889	-15.684671268143795	36.8998408481905	8526062.770170124
0.29815622761855326	-15.722525813510924	36.98544721308799	8525551.447773673
0.2981793715774544	-15.76077850327958	37.067820753898324	8525468.096546568
0.2981381058625735	-15.799905677113292	37.147236298571165	8525807.836785058
0.2980324623077975	-15.839730317740942	37.224005106786514	8526564.292023648
0.29786260432468314	-15.87916703170142	37.29845480917697	8527732.500547146
0.2976287564056018	-15.916607062338993	37.37091804504451	8529307.946910987
0.29733121828144327	-15.950618335269114	37.441723722679086	8531285.124541694
0.29697036854794695	-15.980502206182239	37.51119259807189	8533657.46835027
0.29654666847733613	-16.00653177165901	37.57963563791326	8536419.944694508
0.29606076172854606	-16.02985440160669	37.647354225204545	8539570.880663918
0.2955134815452113	-16.052249667460593	37.71464150945909	8543110.748071844
0.2949057669641857	-16.07568018091972	37.78178512417289	8547038.422532087
0.2942386421483748	-16.101866840504186	37.849069876727306	8551348.329504337
0.2935131239661877	-16.1319054013545	37.91678039106032	8556031.12248496
0.2927301516551304	-16.165998479369435	37.985204024908874	8561077.415202327
0.291890598483099	-16.20343131754427	38.05463252835808	8566479.045980116
0.29099538920865037	-16.242825433378016	38.12536323381824	8572226.436195413
0.29004553990289916	-16.282591669974263	38.197698454269705	8578305.672824737
0.2890423041668308	-16.321458118322628	38.271943242111085	8584697.408999415
0.28798718671331697	-16.358768956629653	38.34839955957833	8591382.789689869
0.2868818420960522	-16.394378144984657	38.427359608359744	8598351.177479224
0.2857279301144626	-16.428122551523895	38.50908996573103	8605600.93218783
0.2845270752686061	-16.459485490440194	38.593816953853846	8613132.447748926
0.2832809803415345	-16.487811173689682	38.68170489691584	8620931.215910604
0.28199152827763363	-16.51320584046634	38.77282799735229	8628966.454117125
0.2806607302762557	-16.537259715582394	38.86714588036404	8637213.973077446
0.27929058118867084	-16.56278540320268	38.96447714693994	8645676.494919026
0.27788297129943745	-16.592279991788974	39.06448371055627	8654362.25069717
0.27643972554374285	-16.626121894355727	39.16666703163827	8663249.58658074
0.2749627691532323	-16.662468974191103	39.27038247416956	8672299.954592245
0.2734541634097553	-16.698983328610005	39.3748751957768	8681495.344786385
0.27191603060974084	-16.734599766974295	39.47933177262407	8690836.173879677
0.2703504527345629	-16.77002251158811	39.58294397340756	8700315.603069901
0.26875953094047805	-16.806918259515495	39.68496894195748	8709909.425626755
0.26714553428156945	-16.846692322495265	39.78478038979016	8719589.182474175
0.26551079096420593	-16.889749206329206	39.881900252634885	8729340.58334415
0.2638575085359337	-16.93556899960833	39.976011135092804	8739161.507082451
0.26218781859431356	-16.98318938329382	40.06695187217782	8749046.37465466
0.26050387846255274	-17.031592807282465	40.15469693466718	8758978.91113599
0.2588079016506761	-17.07979853556019	40.239335483957746	8768938.091645956
0.2571021102668823	-17.12685301453279	40.321039956692424	8778907.1740762
0.25538868154150185	-17.171837814407905	40.40004176566835	8788875.291380467
0.25366975061499336	-17.213978465972307	40.47661439167672	8798834.018999679
0.2519474115304372	-17.25286409787658	40.551052563925374	8808771.619359236
0.2502237858163572	-17.288623120851113	40.623658859021425	8818673.50324888
0.2485010229085102	-17.321933188417283	40.694740094537366	8828523.36160076
0.24678126545901655	-17.353959848957153	40.76459832646778	8838309.569047851
0.2450666417833935	-17.38608348966215	40.833529197130126	8848024.32652468
0.24335924134630038	-17.419679648322283	40.901821209933864	8857661.288399464
0.24166110024832088	-17.45580011427643	40.96975569572198	8867211.077881852
0.23997421198492827	-17.494965410723925	41.037608002624566	8876662.13384236
0.23830054327479464	-17.537115134714377	41.10564839698412	8886003.433083057
0.23664204982742068	-17.58165864865112	41.17414350369103	8895229.738342036
0.23500068136495447	-17.627702347615646	41.243356870130654	8904338.7308833
0.233378365690471	-17.674180571927067	41.31354885274577	8913326.6710742
0.23177698080483553	-17.72003955833357	41.384975540649044	8922179.698507538
0.2301983438247802	-17.7642495664852	41.45788478159295	8930876.567703625
0.22864421641657579	-17.805780421597532	41.53251265554424	8939394.737108735
0.22711632579606797	-17.843548461632697	41.60907553339069	8947721.672670841
0.22561639595969463	-17.87649939730984	41.68775986103813	8955852.343793416
0.2241461459854295	-17.90379799229391	41.76871239466052	8963781.476987073
0.22270726814220235	-17.925256287060133	41.852023682501965	8971497.343262007
0.22130139214054415	-17.94165280601216	41.93771503993355	8978987.551159361
0.21993008634639924	-17.95481114945077	42.02572339458821	8986250.171015201
0.21859484431680884	-17.967058375757848	42.115890079890775	8993292.983553842
0.21729711043546496	-17.98041381588533	42.20795490962891	9000123.791445542
0.21603824053903684	-17.99584681624762	42.30155866793814	9006742.065662159
0.21481944623221733	-18.013150735201236	42.39625330488764	9013140.561111407
0.21364181527517337	-18.031271557467342	42.49152594326612	9019310.801666608
0.2125064161358966	-18.048876122504176	42.586826674855345	9025245.523458889
0.21141430637823672	-18.065359513837937	42.68160566964708	9030940.14368358
0.21036650665389645	-18.081766179235782	42.77534741761842	9036390.064882634
0.2093640091242136	-18.10075768148255	42.86760115214508	9041587.2325034
0.20840779802549916	-18.12533029357802	42.95800351477926	9046521.089603784
0.20749892742955886	-18.15725212163917	43.04629028493169	9051184.244427644
0.20663847498413235	-18.196336890899495	43.132298765231646	9055575.881463993
0.2058273827987136	-18.24086850510053	43.21596209458961	9059697.98724602
0.20506651980046764	-18.288561627201982	43.29729751883324	9063549.23000152
0.20435664746134688	-18.337386462220593	43.37639294239027	9067125.620746769
0.20369848021695816	-18.38595348529888	43.45339101720185	9070425.684059525
0.2030927019801986	-18.43350961117079	43.52847690441447	9073452.594859362
0.20253993291582265	-18.479728875922742	43.6018641542497	9076210.373687485
0.20204066400959417	-18.524548843810273	43.67378669848566	9078700.140187891
0.20159530906320977	-18.568045009227728	43.744490956806274	9080918.486632967
0.20120419205900691	-18.610391227645504	43.814229814452865	9082862.506328322
0.20086755479564683	-18.65185840469515	43.883259999652246	9084532.963446004
0.20058559278279892	-18.69282887280967	43.951839614021054	9085935.489445219
0.20035848745900062	-18.733744874261482	44.02022687634939	9087075.193309955
0.20018640101263696	-18.775053356654947	44.08867964051483	9087952.790573472
0.20006950618885613	-18.81716525731874	44.157455063686136	9088564.592035864
0.20000798494900246	-18.86036332813087	44.22680949620632	9088905.393401835
0.20000198954202764	-18.904803851246324	44.29699661494	9088972.822521718
0.20005164762536748	-18.950514629290332	44.368266551500476	9088767.777534291
0.20015700898159797	-18.997414112351755	44.44086325828641	9088290.70237908
0.20031803361624978	-19.045285559464517	44.51501915286609	9087537.451442417
0.20053458842688768	-19.09367713307412	44.59094866977476	9086500.835047126
0.20080644880690654	-19.141760162195293	44.668841495830335	9085175.552897193
0.2011332924132792	-19.188165339378116	44.74884962859869	9083562.137930067
0.20151480634614186	-19.230997336461108	44.831075668423956	9081662.767952504
0.201950582894453	-19.26811636052848	44.91556077482364	9079475.808299871
0.2024401098291549	-19.297968724932666	45.00226850893016	9076995.542912781
0.2029827887871515	-19.320403000746968	45.09107529195367	9074220.297956217
0.2035780035610891	-19.33714812990897	45.18176259482869	9071158.254260829
0.2042251104319536	-19.351210648296433	45.27401644138246	9067822.772114493
0.20492352634428662	-19.365383696300672	45.36743600075532	9064222.988857007
0.2056726772241779	-19.38093124168264	45.46155061077932	9060363.028979339
0.20647193399288058	-19.397377897514453	45.55584590371343	9056247.324142117
0.20732069626054678	-19.413334393066567	45.649795588310475	9051881.787135486
0.2082182621279529	-19.42755486044131	45.74289390339807	9047271.633139329
0.2091638248141525	-19.439749848559263	45.834687205072875	9042419.12199145
0.2101564969190869	-19.450964619121287	45.924796447965086	9037321.234425444
0.2111952886563318	-19.463369288140395	46.0129332029788	9031968.561636463
0.21227914193458003	-19.479503617934935	46.09890486758347	9026350.112645298
0.21340693030199187	-19.501235527275867	46.182612112540156	9020463.180161461
0.21457744421331487	-19.529277782151794	46.264041378957195	9014315.86331758
0.2157894071390881	-19.563285342716675	46.34325136614229	9007918.684283737
0.21704155180951804	-19.602255697738137	46.42036053319087	9001277.112816334
0.2183325672376216	-19.644965957883617	46.495533213731576	8994394.279431907
0.21966110863803587	-19.690231388206097	46.56896658469276	8987279.552256856
0.22102577419793482	-19.736973384877356	46.64088247844697	8979950.41407495
0.22242509821376874	-19.784206624615415	46.711518476297414	8972426.05653765
0.22385756031077364	-19.83099342310961	46.78112134343181	8964718.010627478
0.2253215890685485	-19.876455732843816	46.849945553802534	8956829.909858191
0.22681559976759894	-19.919838286028405	46.918249302971496	8948762.050501693
0.22833798390704724	-19.960683293248206	46.98629440202414	8940517.453177001
0.22988708670146626	-19.99892991091374	47.05434633475299	8932103.423285251
0.2314612107496534	-20.034980386305264	47.122674748984394	8923528.387792042
0.23305860221088964	-20.06966314141231	47.19155437184885	8914797.92052291
0.23467741999239197	-20.10406147498158	47.26126542368914	8905915.379830994
0.23631577503651297	-20.139337318812192	47.332093773618055	8896884.975256758
0.2379717490656791	-20.17648147443716	47.40432957305994	8887715.633490227
0.2396434142824477	-20.21617451433981	47.47826429141142	8878420.818918468
0.24132883070773647	-20.258713331589128	47.55418746034162	8869014.70741765
0.2430260328347861	-20.303997085137897	47.63237721627195	8859507.480601171
0.24473302848797543	-20.351576306920673	47.713086998087	8849905.598526064
0.24644778254924046	-20.40065702386789	47.79653683145241	8840214.252888907
0.24816818744736388	-20.450079196553528	47.88288923480465	8830445.035053767
0.24989210039372814	-20.498360177569175	47.9722270683818	8820615.915011652
0.25161736791349976	-20.543866196728104	48.06453403034738	8810745.18453889
0.25334187705434874	-20.58527927782413	48.15966903809462	8800838.978483897
0.2550634697975064	-20.622246170625427	48.25734961745475	8790896.926530618
0.256779932003904	-20.65550055342904	48.35714975574404	8780920.35026158
0.25848897435053303	-20.68679091064668	48.45850622875353	8770934.117813883
0.2601883010036017	-20.717911479106814	48.560749021542904	8760967.263070073
0.2618756582695901	-20.749788692726764	48.66313894108667	8751031.44995804
0.26354882602646873	-20.78186549474649	48.7649275467223	8741125.550945671
0.2652056084718316	-20.81231157155834	48.86540596217597	8731260.878921976
0.266843840763637	-20.83923269444469	48.963958253473656	8721472.658816403
0.26846135041593716	-20.86215177111815	49.060094091879726	8711791.854048155
0.2700559901861723	-20.882673117621895	49.15346671614647	8702217.216300195
0.2716256553453057	-20.903592505105003	49.24387327735608	8692736.031921867
0.2731681556293363	-20.927301315816116	49.331243456908346	8683359.664709603
0.2746812198231973	-20.954867483479216	49.41561967152481	8674121.339952689
0.27616264472736296	-20.98611779674737	49.49713328533584	8665047.76718479
0.2776103152700759	-21.02039630797321	49.575980303189326	8656146.01627914
0.27902219302695325	-21.057126346770087	49.65240269194356	8647414.705929475
0.2803962709795061	-21.095922507330723	49.726669111398984	8638862.283099394
0.28173061631178126	-21.136301878576823	49.79906427431952	8630511.435767563
0.2830234521158699	-21.177329842197317	49.869878992587374	8622391.620101549
0.28427314008400745	-21.217632266466865	49.939404771668904	8614527.110142425
0.28547814487759465	-21.25566112765319	50.00793085933466	8606932.443052998
0.2866369247866071	-21.29021252567329	50.07574313324598	8599615.636190936
0.28774788760458775	-21.320753150660316	50.14312459989178	8592583.162719393
0.288809376320602	-21.347651662720352	50.210357117243326	8585843.879763661
0.28981979570832295	-21.37207820909131	50.27772387855285	8579407.142896893
0.29077764809049983	-21.39579864084379	50.34551161158002	8573281.606766868
0.29168155198406814	-21.420739785706033	50.414013697692404	8567475.510992836
0.29253029589535307	-21.44857314047132	50.48353240687032	8561997.989035742
0.2933227892165186	-21.480344228759474	50.55438045674127	8556860.342991428
0.29405801872446985	-21.5161737655751	50.62688121475519	8552074.20926271
0.29473499307437856	-21.555232035635733	50.701367274421045	8547649.631829398
0.2953528045337109	-21.596026160930126	50.77817601094934	8543594.587099405
0.295910544982134	-21.637069963958943	50.85764095693468	8539918.41547544
0.2964073655355901	-21.6775521443903	50.94008062916377	8536634.115436835
0.29684253507874103	-21.71763004317163	51.025777996428516	8533755.25584848
0.2972154333552274	-21.75802667573797	51.11495957610622	8531289.760355609
0.2975254982525823	-21.799035517610758	51.20776160999932	8529238.546860019
0.29777223641446193	-21.83999144666669	51.30419848645304	8527602.40237161
0.2979553072892374	-21.87992071161967	51.40412786974909	8526388.894911936
0.29807444642018444	-21.91899388956462	51.507223588288355	8525605.071654005
0.29812935718004896	-21.95881451194674	51.61296305566128	8525250.845349988
0.2981198354734095	-22.000894410674924	51.720637124808555	8525320.792977167
0.29804592570195176	-22.045028999501284	51.82938575946741	8525806.271358555
0.2979077620385903	-22.089327936656932	51.938260599197775	8526702.207369545
0.29770549096940363	-22.131915116993977	52.046302272385276	8528012.102914691
0.2974393799985685	-22.17259132965559	52.15262145202153	8529738.918189708
0.297109891428954	-22.21280178645004	52.256465254344604	8531883.725127568
0.29671764538814216	-22.254028114314515	52.35726095152271	8534446.012843795
0.29626327172080985	-22.29632550608902	52.454632057217324	8537417.82450943
0.2957474199513032	-22.338628855703	52.548391172757974	8540788.406950705
0.2951708638686418	-22.380203839951573	52.63851484176455	8544553.475568006
0.294534477567151	-22.42132513520019	52.72511209109555	8548710.186468262
0.29383918658880565	-22.462694507146505	52.8083887747963	8553249.033305692
0.2930860281896504	-22.504477781510776	52.88861596067946	8558153.882028809
0.2922761335857578	-22.545853117100467	52.96610561544641	8563409.474403959
0.2914106750257083	-22.58537928898882	53.04118839820991	8569004.710993733
0.2904908397860748	-22.6216042431805	53.11420222238884	8574930.48456613
0.2895178588242043	-22.653770889638288	53.185481575145225	8581176.001486896
0.28849304643085383	-22.68206695284762	53.25535255537369	8587727.94669309
0.2874177322642337	-22.707596308097393	53.324130706196186	8594573.192393495
0.28629332198538254	-22.732032151702647	53.39212085337039	8601700.067991711
0.28512136144404165	-22.75729468607744	53.45961814703104	8609097.625292141
0.283903496512122	-22.7850989077432	53.52691021456361	8616754.659399215
0.2826414810160151	-22.81655047221076	53.59428013754942	8624660.162092
0.2813371261136237	-22.851963368874273	53.66200843807905	8632804.896032516
0.2799922973658346	-22.89076693706485	53.73037577388213	8641182.876668626
0.27860877362956166	-22.931777945785868	53.79966456665931	8649787.116086798
0.27718831124882437	-22.973479282602106	53.870159578470506	8658604.365413666
0.2757327152635333	-23.014508268850893	53.94214737008615	8667609.461480794
0.2742439019370733	-23.05390467192364	54.015912953350224	8676771.690473337
0.272723892249538	-23.091084424928535	54.09173591891116	8686064.91400137
0.2711747763491785	-23.125562761194033	54.16988093266178	8695478.703449551
0.26959869279023146	-23.15669979875756	54.2505861219959	8705012.628131187
0.2679978672444275	-23.18381003406774	54.334049722798945	8714660.466159746
0.26637461008087354	-23.20678631543268	54.42040743748813	8724397.620784238
0.2647312388740707	-23.226661586791323	54.50971355283643	8734191.664492358
0.2630699512168761	-23.2457301690768	54.601916417863436	8744030.169047007
0.2613929000306943	-23.26669455672125	54.696840054924984	8753924.253877386
0.2597022960334275	-23.29127557711257	54.79417152875508	8763878.341121323
0.2580003759902618	-23.319315674213794	54.8934602121178	8773866.669999031
0.2562893402192112	-23.349190583931573	54.994130380900636	8783853.81281718
0.2545713502675866	-23.379176206198125	55.095514685416774	8793824.861626076
0.25284858964971013	-23.40844177373556	55.19689305790905	8803781.336393004
0.25112330208234274	-23.43757009244937	55.29755082068581	8813714.18765757
0.2493977573935293	-23.468319539899284	55.39682504742126	8823596.42427022
0.24767415761728498	-23.5027150504138	55.4941496872596	8833404.12078174
0.2459546186159425	-23.542006445587756	55.58908412273577	8843132.767567905
0.24424122478621377	-23.58611426285448	55.681326249825965	8852787.112164514
0.24253606568834704	-23.633820720817276	55.77070939014261	8862362.219620822
0.2408412346176433	-23.683301690179164	55.85719097531456	8871841.714988392
0.2391587969270539	-23.732822570201698	55.940830120566304	8881208.439061
0.23749076818273349	-23.78105653462435	56.02176734444089	8890451.388834432
0.23583910424364468	-23.827168084561066	56.100203924902615	8899566.280088233
0.23420570782790162	-23.87070816459977	56.176378645694385	8908548.36337414
0.23259242979795175	-23.911575546062448	56.25055853774449	8917390.031980809
0.2310011025343565	-23.95001725636052	56.323024186170095	8926077.854116729
0.22943353775767478	-23.98659311238514	56.39406064319494	8934598.909873445
0.22789150881164524	-24.02213216669681	56.46395299286148	8942944.571592193
0.22637675536640015	-24.05766203320944	56.53298458073066	8951110.56486528
0.22489097668430497	-24.09421325486018	56.60143316864251	8959095.46463702
0.22343579435225672	-24.132596062629005	56.66957193223069	8966895.873966526
0.2220127530396687	-24.173306464553185	56.737669305643045	8974505.42028634
0.22062333517949767	-24.216416220402312	56.80598969933007	8981917.659167059
0.21926896925893696	-24.261611973247327	56.874793958516605	8989129.423627388
0.21795108677401687	-24.308306100317893	56.94433921782978	8996140.146639628
0.21667109153933714	-24.3557144335709	57.014878265526825	9002948.57874513
0.21543034939245512	-24.402985648957333	57.08665810508704	9009544.70616959
0.21423017279820178	-24.44917965090608	57.15991420274299	9015913.22693968
0.21307181051404095	-24.493257253475136	57.23486775482777	9022036.288472664
0.21195643445036447	-24.53401141264793	57.31171706589411	9027904.410437167
0.21088516571420685	-24.570152461168412	57.390626467263495	9033513.760332529
0.20985909795890254	-24.600476495325776	57.47171711782234	9038860.548418056
0.20887930257073206	-24.624296121732705	57.5550524643404	9043935.029372592
0.20794680003011395	-24.641958191376393	57.640624387289975	9048729.098632779
0.20706255473340304	-24.65507808599449	57.72834258795454	9053243.986578666
0.20622745072763216	-24.666149590338062	57.818024855673976	9057490.383963564
0.2054422770470985	-24.677660621236136	57.909394769910186	9061479.992456054
0.20470776518988773	-24.691042364035063	58.002086791581206	9065218.412826305
0.20402459241227802	-24.706297729176445	58.09565980578569	9068705.871497573
0.20339329421300423	-24.722290452790702	58.189619684907115	9071939.489313953
0.20281436090639682	-24.737547499028146	58.283449323293546	9074914.126029117
0.2022882230005711	-24.75127374203246	58.37663929728396	9077625.266260836
0.2018152736608189	-24.764318019924026	58.46872154100665	9080068.898068963
0.2013959346231379	-24.779213408888722	58.5592927378501	9082236.632629033
0.20103064867378756	-24.799021533490937	58.6480343333727	9084114.762846028
0.20071984471929524	-24.82591224788348	58.73472066243471	9085692.658507477
0.20046392939663002	-24.860272449385143	58.81921945692963	9086970.206357064
0.20026322951128758	-24.90089297174529	58.90148629254809	9087954.440201314
0.20011797369530285	-24.9458390848989	58.98155276365063	9088649.75745228
0.2000283512827986	-24.99316494718063	59.059514571074864	9089054.675100753
0.19999449126219346	-25.04137330965474	59.13551736667452	9089168.202973573
0.20001642598040598	-25.0894706043136	59.20974432487409	9088995.419367453
0.20009411850495304	-25.136869177674477	59.282406428980835	9088545.138738029
0.20022744297824352	-25.183218409695307	59.35373226654469	9087823.755392196
0.2004161698935905	-25.22832473465156	59.42396297564484	9086832.907122703
0.20066002577367695	-25.272111841562225	59.49334717742751	9085572.026663443
0.200958705879945	-25.314641285392792	59.56213754366816	9084042.505237393
0.2013118756938731	-25.356129621913322	59.630589376191764	9082248.529226217
0.20171919220286386	-25.396934117641525	59.69895990484707	9080194.9558475
0.20218035518454847	-25.437530703775998	59.76750756823527	9077880.335163966
0.20269503479967738	-25.4783939018016	59.836491556198155	9075300.748317884
0.20326285250420068	-25.51996342336788	59.90617148520432	9072451.222439475
0.20388337994925548	-25.562604777971277	59.97680624888507	9069329.136570623
0.2045561181393271	-25.606582520325368	60.048653830151466	9065939.507505346
0.20528047395779675	-25.65204829745122	60.12196377498402	9062286.443150688
0.2060557582927709	-25.699028747662524	60.19697511576127	9058371.505435547
0.20688119454717066	-25.747344222793974	60.2739103050816	9054192.810640857
0.20775591119246395	-25.79640607090509	60.3529629621833	9049747.21178024
0.20867901570694042	-25.844999826913003	60.43428519680851	9045035.457846027
0.20964958247337653	-25.891228645761224	60.517976929980634	9040061.865108611
0.2106665826419627	-25.93276850754748	60.60406719023994	9034830.43751266
0.21172888153477729	-25.96761496067236	60.69250076450024	9029341.969184086
0.21283526011651538	-25.995086257127802	60.783125458048005	9023596.786233723
0.21398446179058428	-26.016433618245618	60.87568452859367	9017599.839482963
0.21517533407157832	-26.034470568560575	60.96981741048195	9011360.252727771
0.21640675334215592	-26.051988946533207	61.065072427151996	9004887.053062094
0.21767751090739254	-26.07044415645889	61.16092578860282	8998186.714261996
0.21898630944314013	-26.089551850729556	61.25681465156793	8991263.986663306
0.22033191440061345	-26.10809614818144	61.35217264451587	8984125.067689737
0.22171306212539704	-26.124908060843637	61.446465761235444	8976779.618638529
0.22312838361668008	-26.13953616770261	61.53922659613988	8969238.267873526
0.22457636568208236	-26.152605829506285	61.63007582916672	8961505.992665455
0.2260553892354467	-26.16582247757966	61.71873680613297	8953577.980004184
0.22756377898731908	-26.181497632957676	61.8050376551117	8945446.024074879
0.2290998321939744	-26.20163212104515	61.88890560324849	8937110.944958527
0.23066178152847552	-26.22731370677116	61.970355530984	8928585.450743327
0.2322477653762587	-26.258586161233428	62.04947608452667	8919883.635436358
0.23385590233900339	-26.29482337939623	62.126411455195274	8911012.958546631
0.23548432054013813	-26.335028690795166	62.20135012495031	8901977.15283993
0.23713114897217236	-26.378173143518868	62.27451037284473	8892788.178191204
0.23879450174893296	-26.42324651166085	62.34612966538212	8883467.492788931
0.24047245537969225	-26.469233240793304	62.41645914510095	8874040.47791687
0.24216301842936538	-26.51502651374434	62.48575707501844	8864523.22589484
0.24386415585728963	-26.55951931808049	62.55428566751459	8854923.500182299
0.24557379661531475	-26.601668280638844	62.62231031855076	8845242.785390856
0.24728987495652624	-26.640746925998453	62.69009873039485	8835486.82002466
0.2490103378813754	-26.676566290501903	62.75792228814482	8825666.240667827
0.25073311457686837	-26.709568339079834	62.826057085922486	8815794.179452563
0.2524561207734869	-26.740791825624594	62.89478521064838	8805882.419174999
0.25417722704938184	-26.771670429745484	62.964396375819156	8795939.147993956
0.25589426479753336	-26.803705765276938	63.03518821666384	8785972.91164349
0.2576050413240406	-26.83820557726908	63.10746617531177	8775995.532851499
0.2593073756958941	-26.875964926653072	63.18154098248253	8766022.804386085
0.26099911602858766	-26.91715640199086	63.257723683600766	8756070.762672093
0.2626781379670455	-26.9613205521334	63.33632068356095	8746151.99772026
0.2643423316621782	-27.007588413869193	63.41761964357027	8736276.064823683
0.2659895237586095	-27.055048716511152	63.501869193253846	8726455.617320022
0.2676174927297387	-27.10282251686292	63.589268543246476	8716707.107185474
0.2692240619904786	-27.150225348212672	63.67993771286972	8707052.062181838
0.270807099261567	-27.19652323972239	63.77388215549654	8697507.33785784
0.2723645138648915	-27.240851322982934	63.87097242447645	8688080.78376126
0.2738941654413948	-27.282434882615515	63.97092588822133	8678776.839915501
0.27539378851502483	-27.321255755672116	64.07328828043092	8669609.411343904
0.27686121532102104	-27.3584155233155	64.17744652767533	8660603.749905271
0.27829445704283856	-27.39560323984931	64.28265593336101	8651783.518877255
0.27969159443175545	-27.433740963362492	64.38809111632425	8643158.921608064
0.2810506433235505	-27.471987258548182	64.4929053270011	8634729.812232574
0.28236964463128306	-27.507998502330334	64.59630078387141	8626509.001369158
0.2836468185540534	-27.539732708383035	64.6975841620954	8618531.851137836
0.284880528398759	-27.5673726143394	64.79620907374371	8610823.476848446
0.2860690292801434	-27.593340906856817	64.89179528031801	8603379.886356402
0.2872104799671033	-27.620394524792115	64.9841270695534	8596198.19085617
0.28830305430595315	-27.65005698258537	65.07313929005036	8589298.375794522
0.28934510526394636	-27.682341257364175	65.15888997353704	8582707.958694788
0.2903351740690445	-27.716567764456887	65.24153502691358	8576440.899412014
0.2912718659250753	-27.752309758304623	65.32129777623953	8570497.778222965
0.2921537389504177	-27.78954612216269	65.39844736287806	8564879.397212707
0.29297935408353276	-27.828220207778525	65.47327957058779	8559594.179481452
0.29374742872011933	-27.86768557898663	65.54610149539545	8554655.702586658
0.29445690522372825	-27.906649224944907	65.61722452137168	8550078.453879174
0.2951070099101928	-27.943483935085123	65.68695650897169	8545872.268703056
0.29569707759213854	-27.976869330425558	65.75559962618205	8542044.76286842
0.29622652499690805	-28.006148430894527	65.8234496123625	8538603.464898404
0.2966947127196153	-28.031634682178385	65.8907966173213	8535558.536486758
0.2971010297143885	-28.05449603963204	65.957926998553	8532919.247883031
0.29744480419227726	-28.07653967786757	66.0251256008049	8530690.879819386
0.2977253508275195	-28.099736573318193	66.09267908986789	8528872.799209064
0.29794212073996224	-28.125795055990544	66.16087867175926	8527460.818930037
0.2980946968969614	-28.155800536042673	66.23002227431425	8526451.899857942
0.29818282475057706	-28.1899036081103	66.3004167188886	8525847.05090654
0.2982063328368059	-28.227309229675527	66.37237809041189	8525650.126291212
0.29816521218525344	-28.266512229852733	66.44623091702279	8525864.232311975
0.29805951762626254	-28.30595680945297	66.52230334822829	8526491.489614483
0.2978894215864726	-28.34457079169448	66.60092162551597	8527533.338795813
0.2976552119439547	-28.382171925454198	66.6823971499107	8528992.358999612
0.29735736372110744	-28.419167808777217	66.76701053256357	8530870.622998416
0.2969963639040299	-28.455825927705497	66.85499121539766	8533167.449968267
0.29657269678392817	-28.49176142010751	66.94648444259896	8535876.825535938
0.2960869069725194	-28.526253276784466	67.0415251381469	8538988.816383414
0.29553979681925696	-28.559520790580645	67.14000195577151	8542497.654531304
0.2949323297381052	-28.593382048434243	67.24163194312288	8546404.871028684
0.29426535638172174	-28.6301954140947	67.34594488689774	8550707.548276292
0.2935397200778568	-28.670710005266002	67.45228980396	8555385.750257436
0.2927564573992878	-28.713389284858152	67.55986187822683	8560415.746370938
0.29191671710555284	-28.755897807058947	67.66776055518278	8565792.017394243
0.2910216427362679	-28.797120106226288	67.7750566270224	8571514.098089475
0.2900724522726239	-28.837839731239942	67.8808736441674	8577570.422998086
0.2890704794113914	-28.879693187438303	67.984450509677	8583948.674592309
0.28801723066039725	-28.92346462507638	68.08519159290321	8590637.884128856
0.28691434790993403	-28.96850930052294	68.18268700678559	8597623.917980375
0.2857634788480306	-29.013731294683087	68.2767099929706	8604893.935361004
0.28456624119097423	-29.058582744868094	68.36719964055004	8612439.625432108
0.2833243219413896	-29.103233197117728	68.45423000696307	8620248.956380997
0.2820395338493024	-29.14784723106007	68.53797705335438	8628303.768153122
0.2807137347957208	-29.191976120364618	68.61868982985611	8636584.099850789
0.27934877417148146	-29.234531622594357	68.69666114984744	8645074.117346553
0.2779464958820299	-29.27420594437708	68.77221040964096	8653761.781891907
0.2765087787959951	-29.31012811738113	68.84566654033054	8662634.479188016
0.27503758440851495	-29.342219289804753	68.91735837111763	8671677.123885887
0.27353490362323346	-29.371277464228744	68.98760891632541	8680874.045472085
0.2720027263117671	-29.398734512767348	69.05673167594021	8690211.28197065
0.2704430856405575	-29.426355819551688	69.12503004404444	8699676.310815314
0.2688579782801789	-29.455871180953892	69.19279772143736	8709255.992481772
0.2672494314779274	-29.488536630731225	69.2603205685639	8718935.446938192
0.26561950993866806	-29.52491811379447	69.3278785153222	8728699.989555182
0.26397036638376853	-29.564797558375464	69.3957474273314	8738539.038000675
0.2623042166279802	-29.607305998861232	69.46420141016753	8748447.092089629
0.26062325898400673	-29.651181712636884	69.5335137193105	8758419.402415385
0.25892967463584127	-29.695076588340125	69.603957346632	8768443.143047571
0.25722560472681766	-29.737822252858727	69.67580323806386	8778493.9842446
0.25551317359720116	-29.77848291175792	69.74931760215671	8788540.669282133
0.2537945112388479	-29.816250530063172	69.82475730079162	8798559.60673658
0.25207179296886134	-29.8503089168882	69.90235960724739	8808540.15913034
0.2503472523182875	-29.87984956425037	69.98233359748596	8818479.814079996
0.24862317460709063	-29.904365203569878	70.06484630596339	8828367.008114059
0.2469018135863505	-29.9242018780306	70.15000189864531	8838181.16593182
0.24518534303880968	-29.940770685049895	70.23782837303163	8847901.540461319
0.24347583171560477	-29.956367763465437	70.32825599788406	8857526.394049732
0.2417753710341973	-29.97322734207504	70.42110350043843	8867064.171392042
0.2400861070251505	-29.992673162614405	70.5160703897982	8876514.31327235
0.2384101228887752	-30.01469058255143	70.61273915822119	8885858.116635168
0.2367493448697915	-30.03826760611755	70.710588163902	8895072.8650693
0.2351055993927589	-30.062076296622553	70.80901975343025	8904148.707094433
0.233480778198173	-30.08522324544048	70.90739945203612	8913082.849018931
0.2318768126650712	-30.108017827153624	71.00509581164488	8921866.168811997
0.23029551940115114	-30.1322677688874	71.10152808367482	8930481.984638456
0.22873856932629077	-30.160631693331364	71.19619677955622	8938916.52708213
0.22720762810271855	-30.195094740960005	71.2887110193883	8947166.79084939
0.22570444847525153	-30.236008197386987	71.37879855491327	8955234.495802047
0.22423080224651068	-30.282035067436595	71.46630603905861	8963115.820243783
0.22278841717520234	-30.331002114323667	71.55118689817465	8970800.417678704
0.2213789127732352	-30.38072025291352	71.63348794195386	8978277.314892724
0.22000383263275458	-30.42961780752645	71.7133285579809	8985540.596233198
0.2186646650623734	-30.476809949527826	71.79088508788314	8992589.32296537
0.21736287419519382	-30.521952390152155	71.86637392844659	8999423.492000882
0.21609984134436896	-30.565019117145972	71.94003638046674	9006039.164364435
0.2148768714152711	-30.60622509214452	72.01213144664267	9012428.034090528
0.2136952313964492	-30.645955577323736	72.08292596982844	9018580.076293226
0.21255611629116825	-30.68474034369397	72.15268914983622	9024489.549540976
0.21146064498916176	-30.723231602832374	72.22169075282396	9030155.978818435
0.21040987032673128	-30.76213997993774	72.2901984555719	9035582.308283309
0.2094047759196973	-30.802105631701124	72.35847722709234	9040770.253673412
0.2084462825290093	-30.843589525113483	72.42678919879502	9045718.054578653
0.2075352738011176	-30.886837558028738	72.4953935940246	9050421.346704073
0.20667260117124145	-30.93180109220192	72.5645471066142	9054878.280551862
0.20585910624946568	-30.97822391049938	72.63450237949185	9059088.168404946
0.20509564177812267	-31.025667112859843	72.70550714049287	9063050.28390115
0.20438301186762023	-31.073561034836864	72.77780198910689	9066758.70894103
0.20372196527661965	-31.121207785419088	72.85161593714588	9070200.337300584
0.20311317058299125	-31.16766823129211	72.92715765544618	9073364.004426995
0.20255721209476182	-31.21173996050845	73.00461217947739	9076242.26326754
0.2020545745061363	-31.251885698185813	73.0841276260963	9078834.646275437
0.20160569585652754	-31.286493953050226	73.16580290953141	9081138.46380724
0.2012109831156705	-31.31427179410489	73.24967699372054	9083145.519454159
0.20087081515688973	-31.33497683211235	73.33571450642444	9084848.16977414
0.20058546246374384	-31.349879452351303	73.42379571329434	9086249.233600564
0.2003551858690291	-31.3616137500353	73.51371002177488	9087361.818602834
0.2001801824811126	-31.37299575216432	73.60515643234123	9088199.26230701
0.2000606116096286	-31.385925537399018	73.6977499922074	9088769.375905946
0.1999965825375974	-31.400620027982562	73.79103977674981	9089075.957997262
0.19998823544328945	-31.41595144022776	73.88453274594761	9089120.676936945
0.20003554956427447	-31.430323194607265	73.9777219757168	9088903.211911913
0.20013843799770306	-31.442866294942053	74.07012154746049	9088421.18567292
0.20029677430339823	-31.454162174823004	74.16129105469516	9087670.336965434
0.20051043002407323	-31.46638966517179	74.25086190770496	9086641.628830513
0.20077921023769046	-31.48249885666141	74.33855048565724	9085320.670997312
0.20110289891985592	-31.504856623388775	74.42416469850092	9083696.008681022
0.20148122851632344	-31.53438080989382	74.50760235735791	9081767.515853042
0.20191382456927606	-31.570506931703736	74.58884412883205	9079544.085440248
0.20240032347678805	-31.611822688376872	74.66794133255645	9077032.608078433
0.20294031061064322	-31.656656373073346	74.74500477729207	9074234.34080167
0.20353329886553512	-31.703545689242254	74.8201899348757	9071150.926863108
0.2041787059525835	-31.751342784911294	74.89368694419527	9067790.105288735
0.20487588013521718	-31.799198346038285	74.96571087586332	9064165.420978667
0.20562409302788437	-31.846443495825692	75.03649203919373	9060287.296860233
0.20642253765825935	-31.892557795570315	75.10627276264424	9056160.57089425
0.207270402991821	-31.93714700703138	75.17530225445245	9051785.452970296
0.20816687558279878	-31.980002295213886	75.2438340239204	9047162.531071594
0.20911110812258227	-32.021161948228176	75.31212486189314	9042294.525878096
0.2101022189991923	-32.06090679950292	75.38043461530603	9037185.955684653
0.2111393153733685	-32.099765842863945	75.44902582628808	9031837.165847536
0.21222145622348057	-32.13839880772037	75.51816379705188	9026245.192692533
0.213347601057437	-32.177464309651775	75.58811599638827	9020408.547962852
0.21451662043074993	-32.21759591022341	75.65915135107656	9014327.721017048
0.21572734402191127	-32.259291308514044	75.73153948071432	9008010.155094326
0.21697852758339123	-32.302890951673184	75.80554535711225	9001465.773105053
0.21826886531906947	-32.34854442881288	75.88142167406659	8994701.158851849
0.21959699255135692	-32.396185597093314	75.95940626618861	8987719.297240943
0.2209614654330628	-32.445369643146726	76.03970783231225	8980519.748055827
0.22236078859424194	-32.495060238834306	76.12248976598515	8973104.38673936
0.22379345233762915	-32.54353044264971	76.20785721035615	8965480.018901322
0.2252578374015374	-32.5884943414252	76.29583867526091	8957657.861217486
0.2267522218263879	-32.62789594373404	76.38636564414436	8949646.850503122
0.22827483266777127	-32.66071037470684	76.47926084505072	8941449.218903465
0.22982397928471682	-32.68770632212856	76.57422810783248	8933063.426118169
0.23139801672595411	-32.711152403193516	76.6708542547403	8924494.739466729
0.2329952709328168	-32.733655634628356	76.76862263417419	8915758.324588934
0.2346139233025899	-32.756732068845196	76.86694213725426	8906869.582945798
0.2362520652555798	-32.7803389438145	76.96517967642612	8897834.9286149
0.23790783844685298	-32.80344138987232	77.06270932954371	8888658.15028563
0.23957943435137796	-32.824725606178724	77.15894905557658	8879351.667399157
0.24126491948100603	-32.843363066598386	77.253399638412	8869938.675755335
0.24296219776643063	-32.85962442431654	77.34566884546715	8860434.301571691
0.2446691453771503	-32.875100145774866	77.43548235799389	8850835.30020324
0.24638369348894007	-32.89209911565906	77.52268320879261	8841134.124177752
0.24810376876425866	-32.91278155321307	77.60722319914434	8831336.628968898
0.24982719427744593	-32.93833670198753	77.68914642785568	8821464.298573723
0.251551709848709	-32.968891659021565	77.7685714574414	8811537.339001972
0.2532750477338563	-33.00383405649376	77.84567451301825	8801562.599388987
0.25499499305684264	-33.042345675411	77.920669432535	8791544.871499313
0.25670938644302477	-33.083599398075165	77.99379811600953	8781496.205030782
0.2584161075305961	-33.126763892536076	78.06531911691616	8771443.790699715
0.260113032319374	-33.17085515274548	78.13549912865122	8761417.96647032
0.261798005319142	-33.214668093307274	78.20460882399092	8751439.872661531
0.2634688337753453	-33.25685921629128	78.27292118999779	8741520.553706676
0.2651233017180258	-33.29620128445904	78.34070903428166	8731663.583486615
0.26675921591831825	-33.33196693057489	78.40824656634443	8721875.640296994
0.2683744332916322	-33.36406928874038	78.4758101138443	8712168.395224016
0.2699668764007805	-33.39324939082058	78.54368034636013	8702557.207414359
0.27153451108411486	-33.42084352345165	78.61214471208919	8693056.56700497
0.2730753462533703	-33.44860234195327	78.68149864763774	8683678.983873064
0.27458734132250345	-33.47828584301703	78.75204761037276	8674437.06904818
0.2760684605159756	-33.51120497496263	78.82410683927586	8665345.182395272
0.27751669443472604	-33.547991122439456	78.89800039440088	8656419.268328676
0.2789301010253441	-33.58839301565938	78.97405789645516	8647673.853552595
0.28030679420226795	-33.63145461612855	79.05260578805395	8639121.372309312
0.28164488534303356	-33.67587098285528	79.13395802901412	8630774.259961909
0.282942492980319	-33.7206464509004	79.21840031592592	8622649.680172691
0.28419775530697017	-33.7654594670569	79.30616449625776	8614767.23159406
0.2854088660727765	-33.810520302074494	79.3974073178176	8607144.485370418
0.28657412243788044	-33.85586589916406	79.49217494791738	8599792.207532737
0.2876918543465508	-33.90079170052564	79.59036972611307	8592719.86772137
0.28876038718757396	-33.94416192973443	79.69172667340266	8585940.61168806
0.2897780612036275	-33.9856231316245	79.79579410973945	8579468.265315883
0.29074338065422006	-34.02623249863878	79.90193804110217	8573314.135136623
0.29165499558701297	-34.06759875008675	80.0093685128238	8567491.877345446
0.29251167698755864	-34.11016680129903	80.11719433674061	8562011.245022818
0.2933122393619065	-34.15246374870164	80.22448796734395	8556871.541955873
0.29405550238662603	-34.19211876483659	80.33036746992657	8552082.571623681
0.2947404218186621	-34.227972389288745	80.43406060265134	8547670.355799483
0.29536613862756755	-34.26122683113217	80.53495645379856	8543651.600001303
0.2959317175439814	-34.29432403101889	80.63262797030781	8540026.560763637
0.2964361656618063	-34.328836383034144	80.72683218431932	8536795.093739165
0.2968786966226151	-34.36472243549017	80.8174933677265	8533965.378802605
0.29725872219125704	-34.401299616851844	80.90467181214458	8531547.453290073
0.29757571559581425	-34.43826691231813	80.98853545729688	8529546.509673856
0.2978291386750515	-34.47594884668264	81.06932483471147	8527962.653384522
0.2980185292936088	-34.514694020611984	81.14732887184643	8526793.591549108
0.29814355888002364	-34.554150987176506	81.22286292356476	8526037.755369993
0.2982040056246225	-34.593143577043634	81.29625325852454	8525694.35775975
0.29819979164865595	-34.63002752511302	81.36782769493358	8525761.46689826
0.29813094582826793	-34.66342720488109	81.43790827137688	8526236.018176274
0.2979976050880488	-34.69268317095652	81.50680872082103	8527115.008703949
0.2978000042728269	-34.71812631829668	81.57483351931914	8528399.013318451
0.2975385629835564	-34.740942440777786	81.64227890234584	8530091.8632502
0.2972138472854856	-34.76294311842281	81.70943449774991	8532197.924969172
0.29682644783837775	-34.786108465333385	81.77658630936452	8534717.243579037
0.29637698425970344	-34.81213472546552	81.84401964522063	8537643.516490364
0.295866044483448	-34.84208121247394	81.91202148137177	8540966.53508569
0.29529420229377373	-34.8760896216953	81.98088336084217	8544676.76119133
0.29466196899532776	-34.91338541910249	82.05090279794248	8548767.347264426
0.29396999756009623	-34.952496384400874	82.12238420046184	8553230.948433138
